Event,Ardn_time[ms],ADC[0-1023],SiPM[mV],Deadtime[ms],Temp[C],Name
1,2486,89,21.05,0,22.94,
2,2778,131,24.54,19,22.83,
3,3126,120,23.58,24,23.15,
4,3410,79,20.03,29,23.37,
5,3604,227,38.83,34,23.58,
6,4653,369,73.42,39,23.15,
7,9024,120,23.58,44,22.72,
8,9152,175,29.94,49,22.72,
9,10494,280,48.67,54,23.05,
10,13688,99,21.91,59,23.48,
11,15535,134,24.82,64,23.15,
12,15891,159,27.66,69,23.15,
13,16901,531,160.62,74,23.15,
14,17193,131,24.54,79,22.94,
15,17635,71,19.06,84,23.15,
16,17650,280,48.67,89,23.15,
17,20510,71,19.06,94,22.94,
18,21814,216,36.85,99,23.15,
19,22746,448,112.41,104,23.15,
20,23653,344,64.67,109,23.15,
21,24262,63,17.91,114,23.15,
22,24835,560,175.34,119,23.15,
23,25114,93,21.41,124,23.15,
24,26473,352,66.89,129,23.37,
25,26846,668,291.28,134,23.05,
26,27014,103,22.23,139,23.15,
27,28940,496,144.49,144,23.15,
28,29315,209,35.61,149,22.94,
29,29351,444,109.09,154,22.83,
30,29451,472,125.87,159,23.15,
31,29635,352,66.89,164,23.15,
32,29888,318,57.28,169,23.15,
33,30271,49,15.48,174,22.94,
34,30798,63,17.91,179,23.15,
35,31186,63,17.91,184,22.94,
36,31953,134,24.82,189,23.15,
37,34540,287,50.23,194,22.94,
38,34804,96,21.67,199,23.37,
39,41246,92,21.32,204,23.15,
40,42691,319,57.64,209,23.15,
41,43590,75,19.57,214,22.94,
42,43712,152,26.78,219,23.05,
43,44487,63,17.91,224,23.15,
44,46160,521,150.31,229,23.37,
45,46276,62,17.75,234,23.37,
46,46608,240,41.21,239,23.15,
47,49005,281,48.90,244,23.37,
48,49655,465,122.12,249,23.15,
49,50625,268,46.26,254,23.15,
50,51536,62,17.75,259,23.37,
51,55006,287,50.23,264,22.72,
52,56281,73,19.32,269,22.94,
53,57639,134,24.82,274,23.15,
54,61469,323,58.48,279,23.05,
55,61543,263,45.37,284,22.72,
56,61627,57,16.93,289,23.15,
57,62430,306,54.23,294,23.15,
58,63100,280,48.67,299,23.15,
59,63543,83,20.46,304,22.72,
60,63619,78,19.92,309,23.15,
61,65173,262,45.24,314,23.15,
62,65598,291,50.97,319,22.94,
63,65710,54,16.41,324,22.72,
64,65849,347,65.45,329,23.15,
65,66514,295,51.75,334,23.15,
66,68202,56,16.76,339,23.05,
67,69273,515,147.53,344,22.94,
68,70435,540,166.11,349,22.83,
69,70658,56,16.76,354,23.48,
70,71639,63,17.91,359,23.05,
71,72751,480,130.21,364,23.15,
72,73309,51,15.86,369,23.15,
73,75245,63,17.91,374,23.15,
74,75356,462,120.87,379,23.37,
75,76162,142,25.64,384,23.15,
76,79293,263,45.37,389,23.05,
77,79442,114,23.10,394,23.26,
78,80758,71,19.06,399,23.37,
79,80811,312,55.68,404,23.37,
80,81454,551,164.56,409,23.15,
81,81736,285,49.78,414,22.94,
82,82099,89,21.05,419,23.15,
83,88371,240,41.21,424,23.15,
84,88480,56,16.76,429,23.15,
85,89134,99,21.91,434,23.05,
86,89241,99,21.91,439,22.94,
87,90608,97,21.75,444,23.05,
88,90722,193,32.84,449,23.15,
89,90765,66,18.36,454,23.58,
90,92620,96,21.67,459,22.94,
91,92904,174,29.79,464,23.05,
92,95224,57,16.93,469,22.72,
93,95574,249,42.85,474,23.15,
94,95885,76,19.69,479,23.15,
95,96000,384,80.08,484,22.94,
96,98568,92,21.32,489,23.15,
97,99847,269,46.58,494,23.15,
98,100131,362,70.92,499,23.15,
99,103834,248,42.69,504,22.72,
100,104658,76,19.69,509,23.15,
101,107350,241,41.39,514,23.15,
102,107374,230,39.39,519,22.94,
103,107515,96,21.67,524,22.94,
104,108037,414,93.93,529,23.37,
105,108157,300,52.79,534,23.37,
106,108197,57,16.93,539,23.05,
107,109626,220,37.58,544,23.15,
108,109714,71,19.06,549,22.72,
109,110738,275,47.73,554,23.37,
110,111692,499,141.24,559,23.37,
111,111894,62,17.75,564,23.15,
112,112062,76,19.69,569,23.15,
113,112098,71,19.06,574,23.15,
114,113247,56,16.76,579,23.15,
115,115460,280,48.67,584,23.37,
116,116141,455,117.03,589,23.15,
117,116428,120,23.58,594,23.15,
118,118780,103,22.23,599,22.94,
119,120291,79,20.03,604,23.37,
120,120345,60,17.43,609,23.15,
121,120463,398,85.63,614,23.15,
122,120851,56,16.76,619,23.05,
123,123361,71,19.06,624,23.05,
124,126624,240,41.21,629,23.15,
125,126757,67,18.51,634,23.15,
126,127016,153,26.90,639,22.72,
127,127324,224,38.29,644,23.15,
128,127437,71,19.06,649,23.05,
129,130873,49,15.48,654,23.48,
130,131021,287,50.23,659,23.15,
131,131263,96,21.67,664,22.94,
132,133893,79,20.03,669,23.15,
133,135163,344,64.67,674,23.15,
134,136648,108,22.63,679,22.94,
135,138175,280,48.67,684,23.15,
136,139458,120,23.58,689,23.15,
137,140693,167,28.76,694,23.15,
138,141807,99,21.91,699,23.15,
139,143055,295,51.75,704,23.15,
140,143120,69,18.79,709,23.15,
141,143790,62,17.75,714,22.94,
142,144223,428,101.58,719,23.48,
143,144857,57,16.93,724,23.15,
144,146442,99,21.91,729,22.94,
145,147825,255,43.96,734,23.15,
146,149933,63,17.91,739,23.15,
147,151066,163,28.20,744,23.15,
148,151451,611,211.89,749,23.15,
149,151757,56,16.76,754,23.15,
150,152461,287,50.23,759,22.94,
151,152679,248,42.69,764,23.15,
152,152808,459,117.54,770,22.72,
153,153037,399,87.30,775,22.72,
154,153151,231,39.55,780,23.05,
155,155377,280,48.67,785,23.15,
156,157624,300,52.79,790,23.15,
157,159378,220,37.58,795,23.15,
158,160046,248,42.69,800,23.15,
159,160059,403,88.99,805,23.48,
160,161132,51,15.86,810,23.15,
161,163003,96,21.67,815,23.15,
162,166832,220,37.58,820,23.58,
163,168593,396,85.28,825,23.37,
164,169806,79,20.03,830,23.05,
165,170494,572,183.73,835,23.15,
166,170847,294,51.51,840,22.94,
167,171532,199,33.86,845,23.15,
168,172472,88,20.96,850,23.15,
169,173880,286,49.78,855,23.15,
170,174901,71,19.06,860,23.15,
171,177097,527,155.96,865,23.15,
172,177351,57,16.93,871,22.94,
173,179332,60,17.43,876,23.15,
174,179637,89,21.05,881,23.15,
175,180867,102,22.15,886,23.15,
176,182464,71,19.06,891,23.15,
177,183194,60,17.43,896,23.15,
178,184370,60,17.43,901,23.37,
179,190626,231,39.55,906,23.15,
180,192119,252,43.42,911,22.94,
181,193114,76,19.69,916,23.15,
182,194716,729,380.02,921,23.15,
183,195549,222,37.96,926,23.48,
184,196272,448,112.41,931,23.05,
185,196572,280,48.67,936,23.15,
186,197791,387,81.05,941,23.37,
187,197856,71,19.06,946,23.15,
188,197911,312,55.68,951,23.15,
189,198322,194,33.00,956,23.15,
190,198762,240,41.21,961,23.15,
191,198937,65,18.22,966,23.15,
192,199108,254,43.77,972,23.26,
193,200007,176,30.09,977,22.83,
194,201574,305,53.88,982,23.37,
195,202230,249,42.85,987,23.15,
196,202599,345,64.98,992,22.83,
197,203410,67,18.51,997,23.15,
198,203518,96,21.67,1002,23.48,
199,203767,301,53.09,1007,22.94,
200,204581,112,22.94,1012,22.94,
201,205248,364,71.71,1017,23.15,
202,205773,327,59.28,1022,23.15,
203,206259,209,35.61,1027,22.83,
204,206479,262,45.24,1032,23.15,
205,208442,231,39.55,1038,22.83,
206,208943,284,49.41,1043,23.58,
207,210708,391,82.35,1048,23.15,
208,210979,103,22.23,1053,23.15,
209,211720,147,26.19,1058,23.15,
210,213479,121,23.66,1063,23.15,
211,213604,207,35.26,1069,23.05,
212,215502,231,39.55,1074,22.94,
213,218259,184,31.36,1079,23.15,
214,219190,440,109.25,1084,23.48,
215,219530,96,21.67,1089,23.37,
216,221399,51,15.86,1094,23.37,
217,224501,275,47.73,1099,23.15,
218,226799,399,87.30,1105,23.15,
219,227719,572,183.73,1110,23.15,
