Event,Ardn_time[ms],ADC[0-1023],SiPM[mV],Deadtime[ms],Temp[C],Name
1,5917,51,15.86,0,23.69,
2,6673,121,23.66,5,23.69,
3,7041,472,125.87,10,23.37,
4,7336,291,50.97,15,23.37,
5,8592,176,30.09,20,24.01,
6,8756,103,22.23,25,23.58,
7,8835,156,27.28,30,23.48,
8,9612,352,66.89,35,23.80,
9,10396,319,57.64,40,23.15,
10,11413,248,42.69,45,23.80,
11,11817,193,32.84,50,23.80,
12,11850,371,73.82,55,23.58,
13,14324,62,17.75,60,23.91,
14,15260,56,16.76,65,23.69,
15,16131,284,49.41,70,23.80,
16,16502,92,21.32,75,23.69,
17,17004,56,16.76,80,23.37,
18,18546,536,160.18,85,23.37,
19,18691,49,15.48,90,23.37,
20,19059,252,43.42,95,23.48,
21,19777,70,18.93,100,23.80,
22,20143,440,109.25,105,23.48,
23,21586,393,83.55,110,23.58,
24,22764,227,38.83,115,23.80,
25,24487,143,25.74,120,23.37,
26,25310,243,41.74,125,23.48,
27,26251,54,16.41,130,23.91,
28,27708,88,20.96,135,23.80,
29,28104,386,80.48,140,23.48,
30,28306,271,46.93,145,23.48,
31,28491,51,15.86,150,23.48,
32,29247,255,43.96,155,23.26,
33,30033,92,21.32,160,24.01,
34,32446,92,21.32,165,23.37,
35,33429,76,19.69,170,23.48,
36,34111,480,130.21,175,23.69,
37,34641,527,155.96,180,23.37,
38,35195,326,59.13,185,23.69,
39,36187,255,43.96,190,23.69,
40,37378,231,39.55,195,23.91,
41,37663,236,40.44,200,23.69,
42,37798,696,307.73,205,23.91,
43,38248,193,32.84,210,23.48,
44,38645,229,39.22,215,23.58,
45,38765,140,25.42,220,23.80,
46,38970,79,20.03,225,23.69,
47,40163,63,17.91,230,23.48,
48,40554,163,28.20,235,23.37,
49,42586,63,17.91,240,23.58,
50,43022,103,22.23,245,23.80,
51,43415,59,17.27,250,23.37,
52,43676,433,104.37,255,23.80,
53,43865,216,36.85,260,23.80,
54,44846,158,27.53,265,24.01,
55,45797,78,19.92,270,23.80,
56,46965,159,27.66,275,23.15,
57,51591,96,21.67,280,23.69,
58,52081,743,466.23,285,23.80,
59,52709,263,45.37,290,23.69,
60,53594,391,82.35,295,23.69,
61,54114,108,22.63,300,24.01,
62,54296,135,24.92,305,23.91,
63,54699,63,17.91,310,23.37,
64,57575,92,21.32,315,23.37,
65,58565,639,249.88,320,23.80,
66,59013,184,31.36,325,23.58,
67,59223,231,39.55,330,24.12,
68,60836,71,19.06,335,23.37,
69,61615,76,19.69,340,23.80,
70,62418,63,17.91,345,23.37,
71,64937,51,15.86,350,23.37,
72,65731,184,31.36,355,24.12,
73,66354,96,21.67,360,24.01,
74,67730,100,22.00,365,23.80,
75,69091,206,35.07,370,24.01,
76,69204,478,129.43,375,23.48,
77,69695,291,50.97,380,23.69,
78,71374,231,39.55,385,23.80,
79,73650,83,20.46,390,23.48,
80,73826,639,249.88,395,23.58,
81,76560,276,47.87,400,23.80,
82,76721,76,19.69,405,23.80,
83,77491,76,19.69,410,23.69,
84,77654,184,31.36,415,23.91,
85,77796,101,22.08,420,23.58,
86,77803,225,38.48,425,23.37,
87,78702,254,43.77,430,23.58,
88,78747,271,46.93,435,24.01,
89,79119,69,18.79,440,23.69,
90,80513,61,17.60,445,23.58,
91,80542,281,48.90,450,23.37,
92,80719,409,91.12,455,23.69,
93,81628,135,24.92,460,23.37,
94,82464,480,130.21,465,23.58,
95,82769,102,22.15,470,24.23,
96,83841,355,68.30,475,23.69,
97,84432,88,20.96,480,23.58,
98,84634,563,181.65,485,23.58,
99,85256,56,16.76,490,23.80,
100,87548,67,18.51,495,23.58,
101,87648,79,20.03,500,23.48,
102,89025,142,25.64,505,23.91,
103,90632,79,20.03,510,23.48,
104,91118,97,21.75,515,23.48,
105,91498,419,97.20,520,23.80,
106,92880,560,175.34,525,23.15,
107,93434,384,80.08,530,23.91,
108,93812,57,16.93,535,23.58,
109,94483,105,22.39,540,23.80,
110,95414,60,17.43,545,23.69,
111,95816,355,68.30,550,23.48,
112,96198,96,21.67,555,23.69,
113,97049,248,42.69,560,24.23,
114,97970,304,53.73,565,23.69,
115,98944,271,46.93,570,23.48,
116,99994,93,21.41,575,23.37,
117,101363,47,15.10,580,23.48,
118,101662,121,23.66,585,23.15,
119,101971,327,59.28,590,23.48,
120,102178,304,53.73,595,23.80,
121,102209,248,42.69,600,23.69,
122,102750,432,101.61,606,23.37,
123,103022,408,90.57,611,23.69,
124,103194,66,18.36,616,23.48,
125,103983,306,54.23,622,23.69,
126,105553,71,19.06,627,23.91,
127,106299,263,45.37,632,23.69,
128,109024,102,22.15,638,23.91,
129,109033,263,45.37,643,23.37,
130,110229,89,21.05,649,23.48,
131,111302,103,22.23,654,23.80,
132,111338,195,33.17,659,23.37,
133,111447,319,57.64,664,23.69,
134,115555,66,18.36,669,23.37,
135,115587,71,19.06,675,24.12,
136,115632,415,95.00,680,23.80,
137,117405,63,17.91,685,23.15,
138,117428,240,41.21,690,23.91,
139,119314,83,20.46,696,23.58,
140,121348,79,20.03,701,23.91,
141,122102,47,15.10,706,24.12,
142,122191,145,25.96,711,23.80,
143,123218,504,143.61,716,23.80,
144,123972,92,21.32,722,23.69,
145,124440,112,22.94,727,23.80,
146,125872,188,32.01,732,24.12,
147,128072,83,20.46,737,23.37,
148,130207,319,57.64,742,23.80,
149,133521,399,87.30,747,24.12,
150,133595,60,17.43,752,23.58,
151,133724,108,22.63,757,23.69,
152,133879,240,41.21,762,23.48,
153,134029,190,32.33,767,23.91,
154,135182,55,16.58,772,23.48,
155,135391,89,21.05,777,23.58,
156,135799,79,20.03,782,23.48,
157,136066,199,33.86,787,23.69,
158,139149,96,21.67,792,23.48,
159,146405,201,34.22,797,23.69,
160,146812,99,21.91,802,23.80,
161,148058,176,30.09,807,23.69,
162,152123,377,76.28,812,23.48,
163,152366,327,59.28,817,23.58,
164,152392,55,16.58,822,23.48,
165,153711,56,16.76,827,23.80,
166,154375,280,48.67,832,23.48,
167,154430,423,97.36,837,23.48,
168,154779,143,25.74,842,24.01,
169,155042,433,104.37,847,23.48,
170,156437,51,15.86,852,23.48,
171,157167,252,43.42,857,23.58,
172,157803,234,40.06,862,23.69,
173,158144,79,20.03,867,23.48,
174,158495,415,95.00,872,23.48,
175,158616,57,16.93,877,23.69,
176,159086,207,35.26,882,23.37,
177,161888,50,15.67,887,23.80,
178,162867,313,56.02,892,23.80,
179,163301,352,66.89,897,23.91,
180,164115,231,39.55,902,23.48,
181,165293,81,20.25,907,24.01,
182,166862,83,20.46,912,23.37,
183,168410,271,46.93,917,23.48,
184,170479,140,25.42,922,23.91,
185,170719,384,80.08,927,23.58,
186,171143,227,38.83,932,24.12,
187,172867,103,22.23,937,24.23,
188,173322,103,22.23,942,24.12,
189,173569,131,24.54,947,23.69,
190,174617,430,101.41,953,23.58,
191,176053,423,97.36,958,23.69,
192,176206,284,49.41,963,23.58,
193,177103,281,48.90,968,23.91,
194,177651,346,64.94,973,23.80,
195,177679,267,46.14,978,23.69,
196,178174,60,17.43,984,24.12,
197,178410,71,19.06,989,23.80,
198,180358,207,35.26,994,24.01,
199,181139,216,36.85,999,23.48,
200,182936,76,19.69,1004,23.58,
201,184979,98,21.83,1009,23.58,
202,186224,255,43.96,1014,23.69,
203,188922,376,76.43,1019,24.01,
204,189239,192,32.67,1024,23.48,
205,189811,99,21.91,1029,23.37,
206,190144,254,43.77,1034,23.80,
207,190366,354,67.99,1039,23.69,
208,190860,679,318.29,1044,23.48,
209,193074,103,22.23,1049,24.12,
210,194223,67,18.51,1054,24.23,
211,194265,125,24.00,1060,23.48,
212,194719,92,21.32,1066,24.12,
213,195249,207,35.26,1071,23.58,
214,195637,226,38.63,1076,23.91,
215,197677,86,20.77,1081,24.12,
216,197781,88,20.96,1086,24.01,
217,199013,140,25.42,1091,23.91,
218,199110,207,35.26,1097,23.48,
219,200794,291,50.97,1102,23.15,
220,201274,281,48.90,1107,23.48,
221,201711,125,24.00,1113,23.37,
222,202047,387,81.05,1119,23.80,
223,203366,263,45.37,1124,23.48,
224,203960,300,52.79,1130,24.01,
225,206374,295,51.75,1135,23.48,
226,207857,243,41.74,1140,23.48,
227,208259,271,46.93,1146,23.48,
228,208436,71,19.06,1152,23.80,
229,209001,71,19.06,1157,23.37,
230,211166,263,45.37,1162,23.80,
231,211791,467,121.56,1168,24.44,
232,212188,76,19.69,1173,24.12,
233,212943,462,120.87,1178,23.37,
234,212974,255,43.96,1184,23.80,
235,213908,57,16.93,1189,24.44,
236,214388,624,242.54,1194,23.80,
237,216406,222,37.96,1199,23.48,
238,218043,248,42.69,1204,23.58,
239,218940,113,23.02,1210,24.01,
240,219530,387,81.05,1215,23.48,
241,220091,419,97.20,1220,23.69,
242,221161,224,38.29,1225,23.91,
243,222444,281,48.90,1230,23.48,
244,223224,152,26.78,1236,23.91,
245,224470,451,113.08,1241,23.80,
246,227610,78,19.92,1246,23.80,
247,228862,451,113.08,1251,23.37,
248,231226,316,56.81,1256,23.58,
249,231876,146,26.08,1261,24.34,
250,233916,69,18.79,1266,23.58,
251,233930,199,33.86,1272,23.58,
252,234052,67,18.51,1277,24.01,
253,234752,184,31.36,1283,24.12,
254,235196,344,64.67,1288,23.48,
255,235865,542,168.67,1293,23.58,
256,237012,112,22.94,1299,24.23,
257,238804,135,24.92,1304,23.80,
258,239164,156,27.28,1310,23.58,
259,240334,352,66.89,1315,23.37,
260,242724,409,91.12,1320,23.37,
261,243939,103,22.23,1325,23.48,
262,244797,121,23.66,1330,23.91,
263,245083,179,30.55,1336,23.69,
264,245572,396,85.28,1341,24.12,
265,245715,494,141.37,1346,24.12,
266,247258,144,25.85,1352,23.80,
267,248987,415,95.00,1358,23.37,
268,249517,240,41.21,1363,24.23,
269,249591,460,119.54,1369,24.12,
270,250323,96,21.67,1374,24.23,
271,251214,93,21.41,1379,23.48,
272,251616,121,23.66,1384,23.58,
273,252768,78,19.92,1390,23.48,
274,252951,536,160.18,1395,23.58,
275,253046,71,19.06,1401,24.01,
276,254342,287,50.23,1406,23.48,
277,254826,121,23.66,1411,23.58,
278,254973,335,61.77,1417,23.37,
279,255304,60,17.43,1422,23.69,
280,257452,71,19.06,1428,23.58,
281,257979,56,16.76,1433,23.69,
282,260272,83,20.46,1438,24.34,
283,261057,56,16.76,1443,23.58,
284,261292,64,18.06,1449,23.80,
285,262471,350,66.46,1454,23.58,
286,262556,304,53.73,1459,23.69,
287,263007,316,56.81,1464,23.69,
288,263022,69,18.79,1469,23.48,
289,263285,51,15.86,1475,23.48,
290,263986,165,28.48,1480,23.91,
291,264159,231,39.55,1485,23.69,
292,264339,274,47.52,1490,24.12,
293,266667,97,21.75,1496,23.48,
294,268317,355,68.30,1501,23.80,
295,270287,120,23.58,1506,24.12,
296,270422,297,52.13,1512,23.69,
297,273601,195,33.17,1517,24.23,
298,274406,96,21.67,1522,24.01,
299,275719,267,46.14,1527,23.48,
300,276141,355,68.30,1533,23.91,
301,277484,333,61.18,1538,23.37,
302,277635,61,17.60,1543,23.91,
303,277758,172,29.49,1549,23.37,
304,280040,103,22.23,1554,23.48,
305,280226,69,18.79,1559,23.37,
306,282086,240,41.21,1565,24.34,
307,283494,114,23.10,1571,24.23,
308,283747,284,49.41,1576,23.91,
309,283982,243,41.74,1581,23.69,
310,285856,60,17.43,1587,23.58,
311,286482,184,31.36,1593,23.48,
312,290000,423,97.36,1598,23.58,
313,290608,90,21.14,1603,23.37,
