Event,Ardn_time[ms],ADC[0-1023],SiPM[mV],Deadtime[ms],Temp[C],Name
1,3063,199,33.86,0,23.15,
2,3734,97,21.75,5,23.15,
3,3985,76,19.69,10,23.15,
4,4741,227,38.83,15,23.15,
5,5747,350,66.46,20,23.15,
6,5876,51,15.86,25,22.94,
7,8501,96,21.67,30,22.94,
8,9260,89,21.05,35,22.94,
9,9705,216,36.85,40,23.15,
10,10338,176,30.09,45,23.15,
11,10614,385,80.11,50,23.15,
12,13299,245,42.08,55,23.05,
13,13353,224,38.29,60,22.72,
14,13438,101,22.08,65,23.37,
15,15009,521,150.31,70,23.15,
16,15406,127,24.18,75,23.15,
17,17035,143,25.74,80,23.15,
18,18014,167,28.76,85,22.94,
19,19440,56,16.76,90,23.05,
20,21682,88,20.96,95,23.15,
21,22386,505,145.23,100,23.48,
22,22421,255,43.96,105,23.15,
23,23080,57,16.93,110,23.15,
24,25842,60,17.43,115,23.15,
25,26156,63,17.91,120,23.15,
26,27487,88,20.96,125,23.15,
27,27502,191,32.51,130,23.37,
28,29751,63,17.91,135,23.15,
29,33429,79,20.03,140,23.15,
30,33609,286,49.78,145,23.15,
31,34631,120,23.58,150,23.37,
32,34769,213,36.33,155,23.15,
33,39527,83,20.46,160,22.72,
34,39538,259,44.69,165,22.94,
35,40603,63,17.91,170,23.15,
36,41075,207,35.26,175,23.15,
37,41421,60,17.43,180,23.05,
38,41488,88,20.96,185,23.15,
39,42658,396,85.28,190,23.15,
40,42756,295,51.75,195,23.37,
41,43703,88,20.96,200,23.15,
42,43760,103,22.23,205,23.15,
43,43997,364,71.71,210,23.15,
44,45061,56,16.76,215,23.37,
45,47228,108,22.63,220,23.15,
46,48209,115,23.18,225,23.05,
47,48219,248,42.69,230,23.37,
48,48558,71,19.06,235,23.05,
49,49525,127,24.18,240,23.37,
50,53600,78,19.92,245,23.05,
51,53967,159,27.66,250,23.15,
52,54418,414,93.93,255,23.37,
53,55826,209,35.61,260,23.15,
54,56843,332,61.17,265,23.15,
55,56883,120,23.58,270,23.15,
56,57100,131,24.54,275,23.15,
57,58406,147,26.19,280,23.05,
58,59431,51,15.86,285,23.05,
59,61106,275,47.73,290,23.15,
60,61255,199,33.86,295,23.15,
61,61983,71,19.06,300,23.15,
62,62410,723,388.29,305,23.05,
63,62754,96,21.67,310,23.15,
64,63135,76,19.69,315,23.15,
65,63511,78,19.92,320,23.15,
66,64276,268,46.26,325,23.15,
67,64603,56,16.76,330,23.05,
68,64652,184,31.36,335,23.15,
69,64928,78,19.92,340,23.15,
70,64955,441,109.77,345,22.94,
71,66192,68,18.65,350,23.15,
72,67525,124,23.92,355,23.37,
73,69949,98,21.83,360,23.37,
74,70154,319,57.64,365,23.15,
75,71439,291,50.97,370,23.05,
76,71757,98,21.83,375,23.15,
77,71793,57,16.93,380,23.37,
78,71946,71,19.06,385,23.05,
79,73364,280,48.67,390,23.15,
80,74885,89,21.05,395,23.15,
81,76916,115,23.18,400,23.26,
82,77547,748,436.69,405,23.15,
83,78383,79,20.03,410,23.37,
84,78752,79,20.03,415,23.15,
85,80098,240,41.21,420,23.15,
86,80616,220,37.58,425,23.15,
87,81617,109,22.70,430,23.15,
88,82165,238,40.82,435,23.15,
89,82992,99,21.91,440,23.15,
90,85176,248,42.69,445,23.05,
91,86024,513,148.53,450,23.15,
92,86035,255,43.96,455,23.15,
93,87348,83,20.46,460,23.37,
94,87735,352,66.89,465,23.15,
95,91640,304,53.73,470,23.26,
96,92679,179,30.55,475,23.15,
97,94114,67,18.51,480,22.94,
98,96616,387,81.05,485,22.94,
99,97585,280,48.67,490,23.15,
100,97859,63,17.91,495,23.37,
101,98589,98,21.83,500,23.15,
102,99265,99,21.91,505,23.15,
103,101321,159,27.66,510,22.94,
104,101530,67,18.51,515,23.15,
105,101939,430,101.41,520,23.15,
106,102259,49,15.48,525,23.05,
107,102486,384,80.08,530,23.37,
108,104674,112,22.94,535,23.15,
109,105393,368,72.93,540,23.37,
110,106234,81,20.25,545,23.15,
111,106723,57,16.93,550,23.15,
112,107898,51,15.86,555,23.26,
113,110686,550,172.20,560,23.15,
114,110823,65,18.22,565,23.15,
115,111436,88,20.96,571,23.15,
116,113131,179,30.55,576,23.37,
117,113347,432,101.61,581,23.15,
118,116224,227,38.83,586,23.37,
119,117167,403,88.99,591,23.26,
120,117319,231,39.55,596,23.15,
121,117579,77,19.81,601,23.26,
122,118090,103,22.23,606,23.15,
123,118114,199,33.86,611,22.94,
