Event,Ardn_time[ms],ADC[0-1023],SiPM[mV],Deadtime[ms],Temp[C],Name
1,3417,220,37.58,0,22.94,
2,3586,97,21.75,5,23.15,
3,6586,199,33.86,10,23.05,
4,7105,359,69.86,15,23.15,
5,7283,55,16.58,20,23.15,
6,7780,398,85.63,25,23.15,
7,9632,291,50.97,30,23.15,
8,10397,70,18.93,35,23.15,
9,13165,135,24.92,40,22.94,
10,14938,376,76.43,45,22.72,
11,15161,463,119.23,50,23.15,
12,15344,319,57.64,55,23.37,
13,16611,255,43.96,60,22.94,
14,16872,513,148.53,65,23.15,
15,17392,147,26.19,70,23.15,
16,20006,262,45.24,75,23.37,
17,20222,103,22.23,80,23.15,
18,20734,135,24.92,85,23.15,
19,21281,60,17.43,90,23.15,
20,21675,262,45.24,95,23.15,
21,23068,79,20.03,100,23.15,
