Event,Ardn_time[ms],ADC[0-1023],SiPM[mV],Deadtime[ms],Temp[C],Name
1,2608,134,24.82,0,23.15,
2,3365,88,20.96,5,23.15,
3,4702,152,26.78,10,23.37,
4,5904,307,54.48,15,23.15,
5,6615,286,49.78,20,23.69,
6,8124,103,22.23,25,23.15,
7,8962,121,23.66,30,23.48,
8,10872,139,25.32,35,23.15,
9,11119,211,35.96,40,23.05,
10,12487,56,16.76,45,23.37,
11,13248,304,53.73,50,23.15,
12,14264,115,23.18,55,23.48,
13,15809,63,17.91,60,23.69,
14,16333,51,15.86,65,23.37,
15,16982,193,32.84,70,23.15,
16,17875,728,431.28,75,23.15,
17,19878,56,16.76,80,23.48,
18,21889,131,24.54,85,23.26,
19,22041,327,59.28,90,23.15,
20,22328,120,23.58,95,23.15,
21,23208,51,15.86,100,23.48,
22,23380,302,53.30,105,23.37,
23,24820,384,80.08,110,23.37,
24,24875,412,92.93,115,23.37,
25,24925,192,32.67,120,23.15,
26,25604,111,22.86,125,23.37,
27,26714,434,104.89,130,23.37,
28,27290,225,38.48,135,22.94,
29,27445,174,29.79,140,23.58,
30,27672,270,46.71,145,23.15,
31,28087,259,44.69,150,23.15,
32,28650,284,49.41,155,23.15,
33,29378,78,19.92,160,23.26,
34,31424,335,61.77,165,23.15,
35,33851,425,99.48,170,23.15,
36,35511,62,17.75,175,23.37,
37,37053,103,22.23,180,23.37,
38,37067,499,141.24,185,23.48,
39,37156,319,57.64,190,23.15,
40,38782,52,16.04,195,23.05,
41,39426,56,16.76,200,23.15,
42,42079,85,20.67,205,23.15,
43,42315,358,69.10,210,23.15,
44,43107,281,48.90,215,23.15,
45,44355,83,20.46,220,23.48,
46,45270,82,20.36,225,23.37,
47,46002,97,21.75,230,23.15,
48,47015,332,61.17,235,23.15,
49,47900,62,17.75,240,23.15,
50,48096,63,17.91,245,23.48,
51,50992,71,19.06,250,23.37,
52,51492,368,72.93,255,23.15,
53,51824,241,41.39,260,23.15,
54,54822,47,15.10,265,23.15,
55,55183,268,46.26,270,23.26,
56,55866,224,38.29,275,23.15,
57,56738,57,16.93,280,23.26,
58,57248,270,46.71,285,23.37,
59,62231,93,21.41,290,23.05,
60,62984,60,17.43,295,23.91,
61,64921,231,39.55,300,23.26,
62,69128,76,19.69,305,23.69,
63,70073,167,28.76,310,23.15,
64,70413,88,20.96,315,23.58,
65,71305,408,90.57,320,23.15,
66,71559,199,33.86,325,23.37,
67,73804,207,35.26,330,23.37,
68,73909,319,57.64,335,23.15,
69,74407,167,28.76,340,23.15,
70,74658,57,16.93,345,23.05,
71,74758,60,17.43,350,23.69,
72,75037,70,18.93,355,24.01,
73,75571,56,16.76,360,23.15,
74,75825,281,48.90,365,23.48,
75,75833,199,33.86,370,23.26,
76,76070,95,21.58,375,23.37,
77,76701,261,45.09,380,23.15,
78,76954,481,129.57,385,23.15,
79,77863,142,25.64,390,23.05,
80,78044,590,200.72,395,23.26,
81,79308,156,27.28,400,23.26,
82,79821,271,46.93,405,23.58,
83,80569,163,28.20,410,23.15,
84,80637,63,17.91,415,23.37,
85,81312,231,39.55,420,23.37,
86,81622,403,88.99,425,23.48,
87,83192,63,17.91,430,23.26,
88,84420,211,35.96,435,23.69,
89,84853,67,18.51,440,23.15,
90,85614,169,29.05,445,23.26,
91,88178,56,16.76,450,23.48,
92,88542,131,24.54,455,23.37,
93,89637,408,90.57,460,23.80,
94,90198,305,53.88,465,23.15,
95,90756,451,113.08,470,23.37,
96,91047,327,59.28,475,23.37,
97,95910,120,23.58,480,23.15,
98,96784,496,144.49,485,23.37,
99,98443,327,59.28,490,23.15,
100,99625,103,22.23,495,23.15,
101,102666,71,19.06,500,23.37,
102,103996,225,38.48,505,23.37,
103,106589,231,39.55,510,23.37,
104,107024,332,61.17,515,23.37,
105,107401,71,19.06,520,23.58,
106,108631,291,50.97,525,23.15,
107,110095,255,43.96,530,23.37,
108,111032,259,44.69,535,23.37,
109,112929,56,16.76,541,23.48,
110,115057,227,38.83,546,23.15,
111,115787,79,20.03,551,23.37,
112,116589,55,16.58,556,23.48,
113,116787,227,38.83,561,23.37,
114,119518,937,1438.90,566,23.37,
115,121841,334,61.44,572,23.48,
116,124154,172,29.49,577,23.37,
117,124475,71,19.06,582,23.37,
118,124982,304,53.73,587,23.15,
119,125753,371,73.82,592,23.37,
120,128532,188,32.01,597,23.48,
121,129546,228,39.00,602,23.26,
122,131384,230,39.39,608,23.80,
123,131815,377,76.28,613,23.37,
124,132041,286,49.78,618,23.05,
125,132477,299,52.61,623,23.26,
126,134156,391,82.35,628,23.69,
127,134212,108,22.63,633,23.37,
128,134803,307,54.48,638,23.15,
129,135819,51,15.86,643,23.37,
130,136440,102,22.15,648,23.37,
131,136953,71,19.06,653,23.15,
132,136999,174,29.79,658,23.37,
133,137531,113,23.02,663,23.37,
134,137694,83,20.46,668,23.37,
135,138525,415,95.00,673,23.37,
136,138594,161,27.93,678,23.37,
137,138848,384,80.08,683,23.37,
138,139902,207,35.26,688,23.37,
139,140403,286,49.78,693,23.37,
140,141470,335,61.77,698,23.15,
141,142113,335,61.77,703,23.69,
142,142605,83,20.46,708,23.48,
143,142732,295,51.75,713,23.26,
144,142770,87,20.86,718,23.37,
145,142942,291,50.97,723,23.15,
146,143791,275,47.73,728,23.48,
147,143809,332,61.17,733,23.15,
148,144152,56,16.76,738,23.48,
149,145181,368,72.93,743,23.48,
150,145231,79,20.03,748,23.58,
151,145593,510,148.47,753,23.15,
152,145813,433,104.37,758,23.15,
153,145941,287,50.23,763,23.80,
154,146718,255,43.96,768,23.37,
155,147287,53,16.22,773,23.37,
156,148056,243,41.74,778,23.15,
157,149031,231,39.55,783,23.37,
158,149763,83,20.46,788,23.37,
159,150200,114,23.10,793,23.48,
160,152005,391,82.35,798,23.58,
161,152813,112,22.94,803,23.69,
162,153533,88,20.96,808,23.58,
163,154460,435,104.92,813,23.80,
164,154484,359,69.86,818,23.48,
165,156171,101,22.08,823,23.15,
166,156766,462,120.87,828,23.37,
167,157081,326,59.13,833,23.48,
168,157719,252,43.42,838,23.48,
169,157965,67,18.51,843,23.15,
170,160031,89,21.05,848,23.37,
171,160673,67,18.51,853,23.26,
172,161951,543,164.77,858,23.58,
173,162915,301,53.09,863,23.48,
174,164663,71,19.06,868,23.48,
175,167730,193,32.84,873,23.15,
176,167989,423,97.36,878,23.48,
177,169679,70,18.93,883,23.37,
178,170651,289,50.47,888,23.37,
179,171671,167,28.76,893,23.15,
180,171774,543,164.77,898,23.15,
181,171982,306,54.23,903,23.37,
182,173012,217,37.04,908,23.15,
183,173819,99,21.91,913,23.37,
184,174247,108,22.63,918,23.58,
185,175485,281,48.90,923,23.69,
186,175950,152,26.78,928,23.69,
187,176237,348,65.64,933,23.15
