Event,Ardn_time[ms],ADC[0-1023],SiPM[mV],Deadtime[ms],Temp[C],Name
1,2595,96,21.67,0,23.15,
2,3250,112,22.94,5,23.05,
3,4391,60,17.43,10,23.15,
4,5309,152,26.78,15,23.15,
5,5961,103,22.23,20,23.15,
6,6198,51,15.86,25,23.37,
7,6731,121,23.66,30,23.15,
8,7473,236,40.44,35,23.15,
9,7861,78,19.92,40,23.15,
10,8144,51,15.86,45,22.94,
11,9596,224,38.29,50,23.15,
12,10201,71,19.06,55,23.15,
13,10342,434,104.89,60,23.15,
14,10603,199,33.86,65,23.15,
15,11213,225,38.48,70,23.15,
16,12639,92,21.32,75,23.37,
17,13386,179,30.55,80,23.15,
18,16402,353,67.64,85,23.15,
19,18404,124,23.92,90,23.15,
20,18807,153,26.90,95,23.37,
21,18931,275,47.73,100,22.94,
22,20459,241,41.39,105,23.05,
23,20753,317,56.91,110,22.83,
24,21057,140,25.42,115,23.15,
25,22884,319,57.64,120,23.15,
26,23636,51,15.86,125,22.94,
27,24429,384,80.08,130,23.37,
28,26110,199,33.86,135,23.37,
29,26546,61,17.60,140,22.94,
30,26973,224,38.29,145,22.94,
31,27400,285,49.78,150,23.15,
32,29052,675,317.99,155,23.15,
33,29125,57,16.93,160,23.15,
34,29680,207,35.26,165,23.37,
35,29889,263,45.37,170,23.05,
36,30607,435,104.92,175,22.94,
37,31746,51,15.86,180,22.72,
38,32537,739,495.61,185,23.05,
39,33128,51,15.86,190,23.15,
40,33589,175,29.94,195,23.15,
41,34045,339,62.98,200,22.94,
42,36617,414,93.93,205,22.72,
43,37440,440,109.25,210,23.15,
44,38115,140,25.42,215,23.15,
45,39021,225,38.48,220,23.15,
46,39634,62,17.75,225,23.05,
47,40908,78,19.92,230,22.94,
48,41004,121,23.66,235,23.15,
49,41586,172,29.49,240,23.15,
50,42157,63,17.91,245,23.15,
51,44826,196,33.35,250,23.15,
52,45358,155,27.15,255,22.94,
53,46058,192,32.67,260,23.15,
54,47442,79,20.03,265,23.15,
55,47865,118,23.42,270,23.15,
