Event,Ardn_time[ms],ADC[0-1023],SiPM[mV],Deadtime[ms],Temp[C],Name
1,2885,63,17.91,0,23.37,
2,3148,71,19.06,5,23.15,
3,4362,312,55.68,10,23.37,
4,4425,152,26.78,15,23.37,
5,6589,101,22.08,20,23.15,
6,6936,608,202.86,25,23.15,
7,6962,63,17.91,30,23.48,
8,7447,49,15.48,35,23.15,
9,7967,316,56.81,40,23.15,
10,8233,195,33.17,45,23.15,
11,8910,108,22.63,50,23.15,
12,9228,371,73.82,55,23.37,
13,9825,345,64.98,60,23.15,
14,9928,83,20.46,65,23.37,
15,10084,57,16.93,70,23.48,
16,10384,74,19.44,75,23.58,
17,10537,112,22.94,80,23.58,
18,14031,141,25.53,85,23.26,
19,16877,56,16.76,90,23.48,
20,17466,188,32.01,95,23.37,
21,18029,199,33.86,100,23.37,
22,18365,108,22.63,105,23.69,
23,19487,135,24.92,110,23.37,
24,20020,57,16.93,115,23.37,
25,20312,69,18.79,120,23.37,
26,22667,335,61.77,125,23.37,
27,22860,60,17.43,130,23.69,
28,23467,428,101.58,135,23.80,
29,24478,70,18.93,140,23.58,
30,25416,96,21.67,145,23.58,
31,26144,531,160.62,150,23.48,
32,26578,83,20.46,155,23.26,
33,26661,78,19.92,160,23.80,
34,27123,71,19.06,165,23.69,
35,27763,418,96.60,170,23.48,
36,27980,79,20.03,175,23.48,
37,28673,344,64.67,180,23.69,
38,29834,192,32.67,185,23.15,
39,31872,63,17.91,190,23.58,
40,32177,60,17.43,195,23.58,
41,32370,192,32.67,200,23.37,
42,33773,56,16.76,205,23.80,
43,33920,71,19.06,210,23.05,
44,34330,440,109.25,215,23.48,
45,37422,63,17.91,220,23.48,
46,37482,575,187.30,225,23.37,
47,38996,115,23.18,230,23.15,
48,40506,88,20.96,235,23.37,
49,42391,63,17.91,240,23.37,
50,42797,496,144.49,245,23.48,
51,45107,134,24.82,250,23.37,
52,49202,460,119.54,255,23.58,
53,49343,89,21.05,260,23.48,
54,50284,295,51.75,265,23.37,
55,50949,158,27.53,270,23.69,
56,53183,48,15.29,275,23.37,
57,53344,79,20.03,280,23.48,
58,53880,231,39.55,285,23.37,
59,54211,492,134.92,290,23.48,
60,54672,92,21.32,295,23.26,
61,55277,137,25.12,300,23.69,
62,55803,353,67.64,305,23.15,
63,56150,167,28.76,310,23.37,
64,56897,63,17.91,315,23.91,
65,57942,268,46.26,320,23.15,
66,58346,268,46.26,325,23.15,
67,58723,569,185.56,330,23.37,
68,59039,432,101.61,335,23.58,
69,59473,255,43.96,340,23.58,
70,60028,67,18.51,345,23.69,
71,60855,79,20.03,350,23.80,
72,62397,52,16.04,355,23.15,
73,62542,184,31.36,360,23.37,
74,62575,216,36.85,365,23.37,
75,63306,169,29.05,370,23.91,
76,63590,188,32.01,375,23.69,
77,65031,83,20.46,380,23.37,
78,66891,115,23.18,385,23.58,
79,67036,291,50.97,390,23.37,
80,68121,147,26.19,395,23.15,
81,68166,192,32.67,400,23.37,
82,68270,127,24.18,405,23.37,
83,69305,408,90.57,410,23.69,
84,70541,76,19.69,415,23.91,
85,72510,527,155.96,420,23.37,
86,73072,428,101.58,425,23.48,
87,74446,142,25.64,430,23.37,
88,75146,51,15.86,435,23.15,
89,75967,65,18.22,440,23.37,
90,76197,60,17.43,445,23.58,
91,77028,195,33.17,450,23.48,
92,77152,284,49.41,455,23.37,
93,77452,70,18.93,460,23.48,
94,77569,230,39.39,465,23.48,
95,80841,240,41.21,470,23.48,
96,82396,384,80.08,475,23.48,
97,83700,73,19.32,480,23.48,
98,83803,448,112.41,485,23.15,
99,85090,391,82.35,490,23.37,
100,85460,508,144.95,495,23.37,
101,86052,359,69.86,500,23.80,
102,86591,213,36.33,505,23.69,
103,86847,255,43.96,510,23.15,
104,87902,252,43.42,515,23.15,
105,90132,163,28.20,520,23.48,
106,90344,297,52.13,525,23.37,
107,90703,440,109.25,530,23.37,
108,91040,166,28.62,535,23.15,
109,91280,83,20.46,540,23.15,
110,92660,287,50.23,545,23.69,
111,93175,143,25.74,550,23.69,
112,94413,241,41.39,555,23.48,
113,94650,307,54.48,560,23.26,
114,94821,152,26.78,565,23.48,
115,95837,71,19.06,570,23.37,
116,97053,287,50.23,575,23.15,
117,97963,88,20.96,580,23.80,
118,98277,225,38.48,585,23.37,
119,98926,71,19.06,590,23.26,
120,101238,88,20.96,595,23.37,
121,103578,750,418.67,600,23.48,
122,103937,364,71.71,605,23.58,
123,106883,62,17.75,610,23.37,
124,107143,79,20.03,615,23.48,
125,109004,49,15.48,620,23.69,
126,109862,102,22.15,625,23.69,
127,111303,217,37.04,630,23.15,
128,112308,319,57.64,635,23.58,
129,113015,62,17.75,640,23.37,
130,113062,359,69.86,645,23.37,
131,113116,275,47.73,650,23.80,
132,113341,57,16.93,655,23.37,
133,113778,915,1467.31,660,23.37,
134,114375,453,113.81,665,23.58,
135,115737,295,51.75,670,23.37,
136,118575,113,23.02,675,23.37,
137,120211,536,160.18,680,23.15,
138,120396,396,85.28,686,23.37,
139,121980,153,26.90,691,23.26,
140,126422,261,45.09,696,23.48,
141,126989,92,21.32,702,23.37,
142,127383,108,22.63,707,23.48,
143,127897,67,18.51,712,23.80,
144,128250,460,119.54,717,23.69,
145,129559,69,18.79,722,23.80,
146,131625,448,112.41,727,23.69,
147,131924,194,33.00,732,23.69,
148,133957,281,48.90,737,23.48,
149,134529,188,32.01,742,23.48,
150,136351,115,23.18,747,23.80,
151,137376,307,54.48,752,23.48,
152,138664,201,34.22,757,23.58,
153,139546,112,22.94,762,23.48,
154,141289,463,119.23,767,23.48,
155,141435,177,30.25,772,23.15,
156,142074,271,46.93,777,23.48,
157,143112,207,35.26,782,23.58,
158,146725,291,50.97,787,23.37,
159,150418,441,109.77,792,24.01,
160,150707,83,20.46,797,23.37,
161,152431,100,22.00,802,23.80,
162,155076,63,17.91,807,23.69,
163,155322,284,49.41,812,23.48,
164,161240,57,16.93,817,23.58,
165,164800,70,18.93,822,23.58,
166,165505,120,23.58,827,23.37,
167,167355,249,42.85,832,23.48,
168,167525,79,20.03,837,23.37,
169,167621,499,141.24,842,24.12,
170,169962,63,17.91,847,23.48,
171,170159,306,54.23,852,24.01,
172,171281,444,109.09,857,23.58,
173,171523,120,23.58,862,23.37,
174,172825,124,23.92,867,23.69,
175,173113,376,76.43,873,23.37,
176,173276,284,49.41,878,23.80,
177,173716,92,21.32,883,23.91,
178,174251,192,32.67,888,23.58,
179,176251,96,21.67,893,23.58,
180,177240,96,21.67,898,23.15,
181,180140,63,17.91,903,23.48,
182,183635,95,21.58,908,23.15,
183,183947,368,72.93,913,23.48,
184,185843,54,16.41,918,23.69,
185,186445,513,148.53,923,23.15,
186,187828,89,21.05,929,23.48,
187,188123,78,19.92,934,23.69,
188,188385,192,32.67,939,24.12,
189,188718,51,15.86,944,23.80,
190,190089,103,22.23,949,23.37,
191,190157,377,76.28,954,23.48,
192,190633,496,144.49,959,23.58,
193,190781,399,87.30,965,23.37,
194,192103,529,156.43,970,23.37,
195,192283,287,50.23,976,23.37,
196,192637,51,15.86,981,23.15,
197,194439,88,20.96,986,23.15,
198,197064,51,15.86,991,23.58,
199,198455,150,26.54,996,23.37,
200,199614,377,76.28,1001,23.37,
201,201687,319,57.64,1006,23.48,
202,202645,199,33.86,1011,23.48,
203,202988,113,23.02,1016,23.58,
204,204670,63,17.91,1021,23.37,
205,205166,55,16.58,1027,23.48,
206,206265,67,18.51,1032,23.80,
207,207007,254,43.77,1038,23.58,
208,208812,69,18.79,1043,23.58,
209,211547,60,17.43,1049,23.91,
210,211628,335,61.77,1055,23.48,
211,211910,111,22.86,1060,23.37,
212,212049,184,31.36,1065,23.48,
213,212093,408,90.57,1070,23.69,
214,213978,595,212.63,1075,23.37,
215,214087,133,24.73,1080,23.69,
216,215184,71,19.06,1086,23.69,
217,215737,127,24.18,1091,23.37,
218,215768,263,45.37,1096,23.37,
219,217059,69,18.79,1102,23.48,
220,217338,92,21.32,1108,23.48,
221,220283,96,21.67,1113,23.69,
222,222115,174,29.79,1118,23.48,
223,224446,263,45.37,1123,23.48,
224,224540,228,39.00,1129,23.58,
225,225266,83,20.46,1134,23.48,
226,225308,274,47.52,1139,23.80,
227,225746,96,21.67,1145,23.15,
228,225969,281,48.90,1150,23.48,
229,226569,339,62.98,1156,23.69,
230,226659,135,24.92,1161,23.48,
231,226739,393,83.55,1167,23.48,
232,227041,56,16.76,1172,23.48,
233,228165,263,45.37,1177,23.37,
234,228590,79,20.03,1183,23.58,
235,229326,184,31.36,1188,23.58
