Event,Ardn_time[ms],ADC[0-1023],SiPM[mV],Deadtime[ms],Temp[C],Name
1,2509,56,16.76,0,22.72,
2,2919,185,31.51,5,22.29,
3,6363,88,20.96,10,22.40,
4,6998,89,21.05,15,22.29,
5,7307,89,21.05,20,22.40,
6,7498,207,35.26,25,22.40,
7,8707,108,22.63,30,22.62,
8,9230,263,45.37,35,22.51,
9,9565,243,41.74,40,22.40,
10,9715,519,154.30,45,22.83,
11,10596,99,21.91,50,22.40,
12,11268,159,27.66,55,22.40,
13,11640,67,18.51,60,22.51,
14,15591,108,22.63,65,22.72,
15,15767,220,37.58,70,22.62,
16,16098,63,17.91,75,22.72,
17,17528,387,81.05,80,22.62,
18,17695,137,25.12,85,22.83,
19,18076,268,46.26,90,22.83,
20,18622,67,18.51,95,22.72,
21,20420,496,144.49,100,22.29,
22,21021,216,36.85,105,22.29,
23,21941,238,40.82,110,22.62,
24,22755,312,55.68,115,22.40,
25,23062,92,21.32,120,22.51,
26,24089,332,61.17,125,22.40,
27,24944,390,82.70,130,22.40,
28,25080,463,119.23,135,22.29,
29,26430,186,31.68,140,22.51,
30,26442,92,21.32,145,22.51,
31,26927,273,47.25,150,22.29,
32,28747,319,57.64,155,22.51,
33,29002,193,32.84,160,22.29,
34,30493,248,42.69,165,22.62,
35,30575,344,64.67,170,22.72,
36,31012,71,19.06,175,22.72,
37,31081,319,57.64,180,22.83,
38,31459,79,20.03,185,22.83,
39,31700,51,15.86,190,22.62,
40,33299,111,22.86,195,22.51,
41,34037,263,45.37,200,22.29,
42,34215,281,48.90,205,22.29,
43,34932,216,36.85,210,22.40,
44,35277,290,50.82,215,22.72,
45,35964,423,97.36,220,22.83,
46,36805,307,54.48,225,22.51,
47,37107,56,16.76,230,22.94,
48,38621,408,90.57,235,22.62,
49,39836,63,17.91,240,22.51,
50,40920,248,42.69,245,22.40,
51,41456,67,18.51,250,22.62,
52,42231,62,17.75,255,22.40,
53,42285,96,21.67,260,22.29,
54,42942,359,69.86,265,22.83,
55,43291,70,18.93,270,22.40,
56,44024,96,21.67,275,22.40,
57,44341,178,30.40,280,22.62,
58,45322,501,142.90,285,22.40,
59,45337,227,38.83,290,22.62,
60,46496,263,45.37,295,22.83,
61,48224,138,25.22,300,22.40,
62,48272,423,97.36,305,22.29,
63,48512,231,39.55,310,22.72,
64,49152,287,50.23,315,22.62,
65,50481,120,23.58,320,22.62,
66,50808,76,19.69,325,22.72,
67,50833,352,66.89,330,22.72,
68,52337,241,41.39,335,22.40,
69,52562,305,53.88,340,22.51,
70,53178,51,15.86,345,22.62,
71,53346,193,32.84,350,22.29,
72,53509,127,24.18,355,22.62,
73,53975,79,20.03,360,22.40,
74,54519,71,19.06,365,22.62,
75,55170,127,24.18,370,22.51,
76,55665,54,16.41,375,22.62,
77,57403,138,25.22,380,22.51,
78,58425,66,18.36,385,22.83,
79,59171,60,17.43,390,22.29,
80,59652,56,16.76,395,22.72,
81,61007,56,16.76,400,22.83,
82,62022,127,24.18,405,22.51,
83,63406,110,22.78,410,22.40,
84,63450,51,15.86,415,22.51,
85,63567,96,21.67,420,22.40,
86,63951,76,19.69,425,22.62,
87,65462,280,48.67,430,22.40,
88,66050,241,41.39,435,22.40,
89,66150,145,25.96,440,22.29,
90,66642,71,19.06,445,22.29,
91,67018,99,21.91,450,22.72,
92,67548,159,27.66,455,22.72,
93,68249,327,59.28,460,22.51,
94,69659,78,19.92,465,22.29,
95,71252,99,21.91,470,22.40,
96,72094,48,15.29,475,22.83,
97,72803,339,62.98,480,22.51,
98,73162,134,24.82,485,22.51,
99,73393,259,44.69,490,22.72,
100,74739,56,16.76,495,22.62,
101,74885,350,66.46,500,22.51,
102,74985,89,21.05,505,22.40,
103,77076,124,23.92,510,22.72,
104,77290,285,49.78,515,22.62,
105,79404,81,20.25,520,22.72,
106,79864,371,73.82,525,22.51,
107,80041,108,22.63,530,22.62,
108,81536,48,15.29,535,22.40,
109,84951,135,24.92,540,22.29,
110,85994,291,50.97,545,22.72,
111,86249,135,24.92,550,22.62,
112,86348,359,69.86,555,22.83,
113,87407,249,42.85,560,22.51,
114,90199,157,27.40,565,22.51,
115,90734,159,27.66,570,22.29,
116,92965,231,39.55,575,22.29,
117,93524,287,50.23,580,22.51,
118,94339,76,19.69,585,22.40,
119,95123,107,22.55,590,22.29,
120,95430,371,73.82,595,22.29,
121,96411,163,28.20,600,22.40,
122,96861,66,18.36,605,22.62,
123,97744,99,21.91,610,22.40,
124,97891,174,29.79,615,22.94,
125,98846,216,36.85,620,22.40,
126,100832,556,174.47,625,22.51,
127,102592,113,23.02,630,22.51,
128,103252,70,18.93,635,22.51,
129,103902,224,38.29,640,22.40,
130,105567,135,24.92,645,22.40,
131,106766,78,19.92,650,22.40,
132,107665,50,15.67,655,22.51,
133,108413,399,87.30,660,22.51,
134,109976,78,19.92,665,22.29,
135,110461,291,50.97,670,22.29,
136,112964,121,23.66,675,22.40,
137,112975,403,88.99,680,22.72,
138,115092,57,16.93,685,22.29,
139,115312,81,20.25,690,22.51,
140,115933,280,48.67,695,22.40,
