Event,Ardn_time[ms],ADC[0-1023],SiPM[mV],Deadtime[ms],Temp[C]
1,3961,387,81.05,0,22.94
2,4827,316,56.81,5,23.15
3,5145,295,51.75,10,22.72
4,5936,97,21.75,15,22.83
5,6055,103,22.23,20,22.72
6,6906,56,16.76,25,23.15
7,7258,252,43.42,30,22.94
8,7581,111,22.86,35,22.62
9,8183,174,29.79,40,22.62
10,8379,543,164.77,45,22.62
11,12749,487,132.65,50,22.94
12,14678,113,23.02,55,22.94
13,15021,515,147.53,60,23.05
14,15604,76,19.69,65,22.62
15,16168,207,35.26,70,22.72
16,16787,345,64.98,75,22.83
17,17498,110,22.78,80,22.94
18,17627,344,64.67,85,23.15
19,18567,100,22.00,90,22.94
20,18749,561,174.17,95,22.94
21,19149,103,22.23,100,22.72
22,19752,240,41.21,105,22.62
23,23165,408,90.57,110,22.94
24,23300,231,39.55,115,22.62
25,25558,207,35.26,120,22.62
26,25925,63,17.91,125,22.72
27,28551,60,17.43,130,23.05
28,31009,120,23.58,135,23.15
29,31577,110,22.78,140,22.62
30,34076,95,21.58,145,22.83
31,34990,199,33.86,150,22.94
32,35343,265,45.75,155,22.94
33,38318,103,22.23,160,22.94
34,39437,73,19.32,165,22.62
35,40569,305,53.88,170,22.83
36,41456,94,21.50,175,23.05
37,41643,399,87.30,180,22.62
38,43450,48,15.29,185,22.62
39,44568,396,85.28,190,22.94
40,44942,227,38.83,195,22.94
41,45164,248,42.69,200,22.83
42,46141,103,22.23,205,22.72
43,46543,52,16.04,210,22.94
44,49690,481,129.57,215,23.15
45,49940,78,19.92,220,22.51
46,50105,364,71.71,225,22.94
47,51495,71,19.06,230,22.94
48,52247,339,62.98,235,22.83
49,52935,421,97.33,240,22.62
50,55070,455,117.03,245,22.94
51,55632,78,19.92,250,22.72
52,57522,92,21.32,255,22.94
53,60118,216,36.85,260,23.15
54,60146,71,19.06,265,22.72
55,60467,103,22.23,270,23.05
56,61044,79,20.03,275,22.72
57,61483,253,43.55,280,22.94
58,62098,211,35.96,285,22.72
59,62411,199,33.86,290,22.72
60,63105,209,35.61,295,22.94
61,63473,152,26.78,300,22.72
62,63717,231,39.55,305,23.05
63,65973,143,25.74,310,23.15
64,66473,408,90.57,315,22.94
65,67986,129,24.35,320,22.83
66,69102,345,64.98,325,22.72
67,70867,51,15.86,330,23.15
68,72713,96,21.67,335,22.94
69,73293,287,50.23,340,22.83
70,79597,77,19.81,345,23.15
71,79902,76,19.69,350,23.15
72,80244,207,35.26,355,22.72
73,80381,782,590.73,360,23.05
74,80763,521,150.31,365,22.72
75,81603,510,148.47,370,22.94
76,82724,486,135.98,375,22.72
77,83282,192,32.67,380,22.72
78,83556,177,30.25,385,22.83
79,84386,152,26.78,390,22.94
80,84509,391,82.35,395,23.05
81,84525,57,16.93,400,22.72
82,85279,108,22.63,405,22.72
83,87427,465,122.12,410,22.72
84,87506,415,95.00,415,23.15
85,88075,307,54.48,420,22.72
86,88332,415,95.00,425,23.05
87,90143,73,19.32,430,22.83
88,92183,376,76.43,435,22.94
89,92663,83,20.46,440,22.62
90,95044,193,32.84,445,23.15
91,96249,121,23.66,450,22.72
92,96340,327,59.28,455,22.83
93,98100,62,17.75,460,23.15
94,99824,393,83.55,465,22.62
95,101039,188,32.01,470,23.05
96,101167,112,22.94,475,23.05
97,101465,78,19.92,480,22.83
98,102081,335,61.77,485,22.83
99,102663,76,19.69,490,22.94
100,102959,209,35.61,495,22.62
101,103019,48,15.29,500,22.94
102,104491,77,19.81,505,22.72
103,104713,76,19.69,510,22.72
104,104721,371,73.82,515,22.72
105,105055,278,48.30,520,23.15
106,105103,217,37.04,525,22.72
107,105124,287,50.23,530,22.94
108,106750,159,27.66,535,22.94
109,109832,126,24.09,540,22.94
110,109902,63,17.91,545,22.94
111,110901,359,69.86,550,22.94
112,111667,115,23.18,555,23.15
113,112832,153,26.90,560,22.72
114,113573,163,28.20,565,22.72
115,114065,227,38.83,570,22.62
116,115732,476,129.76,575,23.05
117,116062,96,21.67,580,22.72
118,116120,81,20.25,585,22.51
119,116794,220,37.58,590,22.94
120,118150,467,121.56,595,22.83
121,121170,79,20.03,600,23.15
122,121778,97,21.75,605,23.15
123,121913,99,21.91,610,22.62
124,123436,240,41.21,615,22.83
125,123582,287,50.23,620,22.72
126,124926,487,132.65,625,22.83
127,125415,280,48.67,630,23.05
128,126433,403,88.99,635,22.83
129,127049,515,147.53,640,23.05
130,127661,357,68.97,645,23.15
131,128466,287,50.23,650,22.83
132,130206,96,21.67,655,22.62
133,130404,316,56.81,660,22.94
134,132695,152,26.78,665,22.83
135,134207,71,19.06,670,23.05
136,135438,71,19.06,675,23.05
137,135635,152,26.78,680,23.05
138,135923,88,20.96,685,22.62
139,136541,448,112.41,690,22.72
140,136622,130,24.45,695,22.94
141,136815,281,48.90,701,22.94
142,139293,199,33.86,706,23.15
143,139645,240,41.21,711,22.72
144,139692,97,21.75,716,22.72
145,139865,415,95.00,721,22.62
146,143258,126,24.09,726,23.15
147,143295,79,20.03,731,22.72
148,147602,81,20.25,736,22.72
149,147815,368,72.93,741,23.15
150,149754,189,32.16,746,23.15
151,151356,52,16.04,751,22.83
152,151661,240,41.21,756,22.83
153,152502,286,49.78,761,23.05
154,153728,57,16.93,766,22.62
155,154230,311,55.50,771,22.72
156,154725,697,299.81,776,22.94
157,154763,88,20.96,781,22.83
158,154817,60,17.43,786,22.94
159,156448,440,109.25,791,22.94
160,157755,60,17.43,796,23.15
161,158257,231,39.55,801,23.15
162,158823,335,61.77,806,22.62
163,161174,284,49.41,811,22.94
164,161421,51,15.86,816,22.51
165,162205,51,15.86,821,22.94
166,163264,327,59.28,826,22.72
167,166048,251,43.19,831,23.15
168,167141,110,22.78,836,22.62
169,167238,79,20.03,841,22.72
170,168340,96,21.67,846,23.15
171,172517,280,48.67,851,22.9
