Event,Ardn_time[ms],ADC[0-1023],SiPM[mV],Deadtime[ms],Temp[C],Name
1,3260,84,20.57,0,23.37,
2,4846,327,59.28,5,23.15,
3,5164,451,113.08,10,23.48,
4,6239,280,48.67,15,23.15,
5,7479,79,20.03,20,23.37,
6,7907,159,27.66,25,23.37,
7,8476,193,32.84,30,23.15,
8,9455,91,21.23,35,23.15,
9,10015,742,406.60,40,23.15,
10,10611,92,21.32,45,23.26,
11,11170,312,55.68,50,23.15,
12,12162,57,16.93,55,23.15,
13,13114,339,62.98,60,23.15,
14,17158,177,30.25,65,23.15,
15,17389,108,22.63,70,23.37,
16,18615,159,27.66,75,23.15,
17,18626,93,21.41,80,23.15,
18,19090,423,97.36,85,22.94,
19,20729,263,45.37,90,23.05,
20,23534,441,109.77,95,22.72,
21,24894,127,24.18,100,22.94,
22,25043,486,135.98,105,23.15,
23,25893,412,92.93,110,23.15,
24,26024,90,21.14,115,23.37,
25,27345,358,69.10,120,23.15,
26,29394,88,20.96,125,23.05,
27,29735,96,21.67,130,23.26,
28,30456,449,112.05,135,23.05,
29,30624,399,87.30,140,23.26,
30,31505,143,25.74,145,23.15,
31,32197,124,23.92,150,23.15,
32,33495,88,20.96,155,23.26,
33,35793,54,16.41,160,22.94,
34,35901,62,17.75,165,23.15,
35,37623,71,19.06,170,23.15,
36,39109,77,19.81,175,23.05,
37,39116,167,28.76,180,22.94,
38,42241,224,38.29,185,23.15,
39,42458,108,22.63,190,23.15,
40,43918,88,20.96,195,23.37,
41,44464,505,145.23,200,23.15,
42,44954,188,32.01,205,23.15,
43,46016,206,35.07,210,23.69,
44,46053,271,46.93,215,23.15,
45,46179,51,15.86,220,22.94,
46,46302,97,21.75,225,23.15,
47,46464,371,73.82,230,23.37,
48,46654,83,20.46,235,23.15,
49,46741,58,17.10,240,23.37,
50,47164,103,22.23,245,23.15,
51,47330,161,27.93,250,23.15,
52,47382,231,39.55,255,23.05,
53,49043,124,23.92,260,23.37,
54,54985,55,16.58,265,22.94,
55,55524,384,80.08,270,23.15,
56,56550,139,25.32,275,23.05,
57,58159,59,17.27,280,23.15,
58,59625,275,47.73,285,22.94,
59,59753,83,20.46,290,23.37,
60,60836,85,20.67,295,22.94,
61,61404,327,59.28,300,23.48,
62,61794,327,59.28,305,23.15,
63,61905,51,15.86,310,23.15,
64,64568,536,160.18,315,23.37,
65,65167,497,142.37,320,23.37,
66,65893,241,41.39,325,23.37,
67,66146,75,19.57,330,23.15,
68,67086,71,19.06,335,23.37,
69,67170,423,97.36,340,23.48,
70,70430,97,21.75,345,23.05,
71,71177,71,19.06,350,23.15,
72,71521,76,19.69,355,23.05,
73,71620,120,23.58,360,22.94,
74,72552,563,181.65,365,23.37,
75,73627,51,15.86,370,23.15,
76,74397,103,22.23,375,23.15,
77,75409,335,61.77,380,23.15,
78,75612,127,24.18,385,22.94,
79,76643,295,51.75,390,22.72,
80,77040,49,15.48,395,23.15,
81,77543,339,62.98,400,23.26,
82,78092,271,46.93,405,23.05,
83,79335,305,53.88,410,23.15,
84,80769,167,28.76,415,23.15,
85,81870,135,24.92,420,23.15,
86,82385,56,16.76,425,23.15,
87,82719,263,45.37,430,23.37,
88,82732,82,20.36,435,22.94,
89,83828,271,46.93,440,23.15,
90,84410,444,109.09,445,23.15,
91,84550,304,53.73,450,23.15,
92,86901,56,16.76,455,23.15,
93,87305,304,53.73,460,22.94,
94,87699,112,22.94,465,23.15,
95,88743,110,22.78,470,23.37,
96,88867,114,23.10,475,23.15,
97,92142,199,33.86,480,22.83,
98,92390,51,15.86,485,22.94,
99,93362,297,52.13,490,23.15,
100,93723,339,62.98,495,23.15,
101,94392,261,45.09,500,23.48,
102,95606,217,37.04,506,23.15,
103,96432,130,24.45,511,23.37,
104,99134,99,21.91,517,23.15,
105,99221,460,119.54,522,23.15,
106,99907,327,59.28,527,23.05,
107,101457,67,18.51,532,23.15,
108,101830,67,18.51,537,23.05,
109,102142,380,78.12,542,23.15,
110,102762,408,90.57,547,23.15,
111,105583,92,21.32,552,23.15,
112,106432,60,17.43,557,23.05,
113,108128,146,26.08,562,23.58,
114,110107,271,46.93,567,23.15,
115,111405,316,56.81,572,22.94,
116,113757,263,45.37,577,23.15,
117,114588,341,63.69,583,23.05,
118,114972,171,29.34,588,23.15,
119,115932,408,90.57,593,23.15,
120,118820,120,23.58,598,23.15,
121,119601,63,17.91,603,23.15,
122,119785,135,24.92,608,23.48,
123,119914,460,119.54,613,23.15,
124,119972,167,28.76,618,23.15,
125,120095,506,145.74,623,22.94,
126,120193,66,18.36,628,23.15,
127,121962,63,17.91,634,23.37,
128,123580,77,19.81,639,23.15,
129,128749,71,19.06,644,23.15,
130,129335,504,143.61,649,23.05,
131,129857,217,37.04,654,23.15,
132,130227,243,41.74,659,23.37,
133,131016,67,18.51,664,23.37,
134,133877,76,19.69,669,23.15,
135,135998,56,16.76,674,22.94,
136,137564,51,15.86,679,22.72,
137,137772,57,16.93,684,23.37,
138,138221,230,39.39,689,23.15,
139,138559,80,20.14,694,23.48,
140,138896,253,43.55,699,23.37,
141,139572,322,58.27,704,23.15,
142,139730,70,18.93,709,23.15,
143,141263,63,17.91,714,23.15,
144,142239,77,19.81,719,23.26,
145,143895,327,59.28,724,23.05,
146,145119,263,45.37,729,23.15,
147,148300,221,37.76,735,23.15,
148,148929,519,154.30,740,23.69,
149,149939,236,40.44,746,23.37,
150,150251,135,24.92,751,22.94,
151,150736,221,37.76,756,22.94,
152,154556,98,21.83,761,23.15,
153,154931,49,15.48,766,23.37,
154,156020,89,21.05,771,23.15,
155,157444,63,17.91,776,23.37,
156,160100,120,23.58,781,23.26,
157,160528,399,87.30,786,23.15,
158,160705,124,23.92,791,23.37,
159,160819,63,17.91,796,23.15,
160,161452,135,24.92,801,23.58,
161,162417,295,51.75,806,23.15,
162,162885,332,61.17,811,23.48,
163,162952,108,22.63,816,23.15,
164,162983,263,45.37,821,23.15,
165,163830,689,300.98,827,23.15,
166,164803,80,20.14,832,23.15,
167,166312,496,144.49,837,23.15,
168,166599,255,43.96,843,23.15,
169,167413,79,20.03,848,23.15,
170,168357,62,17.75,853,23.15,
171,168979,444,109.09,858,23.15,
172,169738,97,21.75,863,23.37,
173,171336,112,22.94,868,23.58,
174,172285,103,22.23,873,23.15,
175,173500,323,58.48,878,23.15,
176,175392,204,34.73,883,23.48,
177,177472,231,39.55,888,23.05,
178,178088,56,16.76,893,23.69,
179,178951,87,20.86,898,22.94,
180,179122,108,22.63,903,23.15,
181,179748,115,23.18,908,23.15,
182,182132,71,19.06,913,23.15,
183,182221,302,53.30,918,23.15,
184,182615,63,17.91,923,23.26,
185,182701,159,27.66,928,22.94,
186,184364,109,22.70,933,22.83,
187,184775,79,20.03,938,23.05,
188,185012,156,27.28,943,23.37,
189,185313,231,39.55,948,23.37,
190,185659,115,23.18,953,23.15,
191,186652,162,28.06,958,23.15,
192,188046,287,50.23,963,23.15,
193,189580,53,16.22,968,23.15,
194,191063,255,43.96,973,23.37,
195,191216,369,73.42,978,23.15,
196,191512,140,25.42,983,23.15,
197,192754,313,56.02,988,23.15,
198,195073,48,15.29,993,23.37,
199,195992,71,19.06,998,23.15,
200,196244,184,31.36,1003,23.37,
201,196444,241,41.39,1008,23.15,
202,196857,67,18.51,1014,23.15,
203,196904,451,113.08,1020,23.15,
204,198626,120,23.58,1025,23.15,
205,198876,419,97.20,1031,22.94,
206,198916,70,18.93,1036,23.15,
207,200047,57,16.93,1041,23.15,
208,200076,753,514.96,1046,23.15,
209,200339,240,41.21,1051,23.15,
210,201835,63,17.91,1057,23.48,
211,204039,127,24.18,1063,23.15,
212,205445,61,17.60,1068,23.37,
213,208786,312,55.68,1074,23.15,
214,209740,60,17.43,1079,23.26,
215,211472,339,62.98,1085,23.15,
216,211680,108,22.63,1090,23.15,
217,215392,56,16.76,1095,23.15,
218,215776,99,21.91,1100,23.15,
219,217627,73,19.32,1105,23.15,
220,219046,163,28.20,1110,23.15,
221,219295,217,37.04,1116,23.37,
222,221637,95,21.58,1121,23.15,
223,222778,216,36.85,1126,23.05,
224,223328,112,22.94,1131,23.15,
225,223801,307,54.48,1136,23.15,
226,224040,63,17.91,1141,23.37,
227,225657,209,35.61,1147,23.48,
228,226235,67,18.51,1152,23.05,
229,227386,94,21.50,1158,23.15,
230,227997,63,17.91,1163,23.15,
231,229638,135,24.92,1169,23.05,
232,230938,671,277.06,1175,23.37,
233,231177,96,21.67,1180,23.15,
234,231693,435,104.92,1185,23.48,
235,235396,231,39.55,1190,23.58,
236,237549,102,22.15,1196,23.37,
237,240806,103,22.23,1201,23.37,
238,242907,112,22.94,1206,23.15,
239,243876,105,22.39,1211,23.15,
240,245867,295,51.75,1216,23.48,
241,246252,521,150.31,1221,23.05,
242,249293,71,19.06,1227,23.15,
243,250035,198,33.69,1232,23.15,
244,252856,127,24.18,1237,23.15,
245,255608,88,20.96,1242,23.15,
246,256460,56,16.76,1247,22.94,
247,259883,96,21.67,1252,23.15,
248,260490,61,17.60,1257,22.72,
249,263451,62,17.75,1263,23.58,
250,263826,263,45.37,1269,23.48,
251,265790,55,16.58,1275,23.15,
252,265888,93,21.41,1280,23.15,
253,267040,178,30.40,1285,23.15,
254,269219,255,43.96,1290,23.15,
255,269717,92,21.32,1295,23.15,
256,271959,96,21.67,1300,23.15,
257,272115,529,156.43,1305,23.48,
258,272661,63,17.91,1311,23.37,
259,272701,115,23.18,1317,23.15,
260,272771,542,168.67,1322,23.15,
261,272886,49,15.48,1328,23.58,
262,275564,265,45.75,1333,23.15,
263,277062,206,35.07,1339,23.15,
264,277110,50,15.67,1344,23.15,
265,278559,445,111.49,1349,23.15,
266,279326,77,19.81,1354,23.37,
267,279368,280,48.67,1359,23.26,
268,280142,377,76.28,1365,23.15,
269,280169,254,43.77,1370,23.26,
270,281305,312,55.68,1376,23.48,
271,283534,550,172.20,1381,23.48,
272,284180,100,22.00,1387,23.15,
273,284617,192,32.67,1392,23.15,
274,285176,79,20.03,1397,23.15,
275,286219,67,18.51,1402,23.15,
276,286579,199,33.86,1408,23.15,
277,287394,287,50.23,1413,23.15,
278,288357,108,22.63,1418,23.58,
279,291399,238,40.82,1423,23.37,
280,291481,206,35.07,1429,23.15,
281,293199,63,17.91,1434,23.26,
282,294877,327,59.28,1440,23.26,
