Event,Ardn_time[ms],ADC[0-1023],SiPM[mV],Deadtime[ms],Temp[C],Name
1,3792,377,76.28,0,21.97,
2,5498,119,23.50,5,22.08,
3,7803,135,24.92,10,22.19,
4,8139,97,21.75,15,22.19,
5,9053,147,26.19,20,21.97,
6,9062,127,24.18,25,21.97,
7,11625,120,23.58,30,22.19,
8,11803,505,145.23,35,22.19,
9,13218,243,41.74,40,22.19,
10,14640,189,32.16,45,22.19,
11,14842,71,19.06,50,22.08,
12,15431,103,22.23,55,21.87,
13,15570,108,22.63,60,22.19,
14,15896,231,39.55,65,22.19,
15,17575,63,17.91,70,22.19,
16,17617,77,19.81,75,22.19,
17,19667,469,125.85,80,22.19,
18,19833,61,17.60,85,22.19,
19,20359,185,31.51,90,21.54,
20,20647,313,56.02,95,21.87,
21,21755,305,53.88,100,22.19,
22,22054,110,22.78,105,22.19,
23,22540,302,53.30,110,21.97,
24,22584,76,19.69,115,22.08,
25,22677,49,15.48,120,22.19,
26,23273,88,20.96,125,22.19,
27,23522,70,18.93,130,22.08,
28,26140,402,87.25,135,22.19,
29,26187,70,18.93,140,22.19,
30,26644,60,17.43,145,22.08,
31,26917,302,53.30,150,22.08,
32,28060,103,22.23,155,22.19,
33,28111,227,38.83,160,22.19,
34,28214,92,21.32,165,22.08,
35,28474,71,19.06,170,22.19,
36,28608,62,17.75,175,22.19,
37,29089,101,22.08,180,22.19,
38,29182,556,174.47,185,22.19,
