Event,Ardn_time[ms],ADC[0-1023],SiPM[mV],Deadtime[ms],Temp[C],Name
1,6241,70,18.93,0,22.40,
2,8025,179,30.55,5,22.29,
3,9400,359,69.86,10,22.40,
4,9540,739,495.61,15,22.29,
5,9640,265,45.75,20,22.51,
6,9737,184,31.36,25,22.29,
7,9800,711,380.66,30,22.40,
8,10106,263,45.37,35,22.40,
9,10207,92,21.32,40,22.29,
10,11755,98,21.83,45,22.40,
11,12243,377,76.28,50,22.29,
12,13497,63,17.91,55,22.51,
13,15849,476,129.76,60,22.40,
14,16633,70,18.93,65,22.40,
15,17319,49,15.48,70,22.29,
16,17436,152,26.78,75,22.29,
17,18529,153,26.90,80,22.19,
18,19531,101,22.08,85,22.29,
19,20332,240,41.21,90,22.29,
20,20919,63,17.91,95,22.29,
21,21023,92,21.32,100,22.51,
22,23169,56,16.76,105,22.29,
23,23595,281,48.90,110,22.51,
24,24437,451,113.08,115,22.40,
25,25091,639,249.88,120,22.19,
26,25321,108,22.63,125,22.62,
27,26757,78,19.92,130,22.29,
28,27915,390,82.70,135,22.62,
29,29348,96,21.67,140,22.40,
30,29527,514,147.76,145,22.19,
31,30799,61,17.60,150,22.29,
32,30937,512,144.44,155,22.29,
33,31169,56,16.76,159,22.51,
34,31670,239,41.02,164,22.19,
35,32656,291,50.97,169,22.40,
36,33262,608,202.86,174,22.29,
37,33451,220,37.58,179,22.19,
38,33634,300,52.79,184,22.40,
39,36477,82,20.36,189,22.19,
40,38181,435,104.92,194,22.29,
41,38418,88,20.96,199,22.29,
42,38981,127,24.18,204,22.62,
43,39463,220,37.58,209,22.51,
44,40359,56,16.76,214,22.29,
45,41482,111,22.86,219,22.29,
46,41992,287,50.23,224,22.29,
47,42015,62,17.75,229,22.51,
48,43000,401,87.91,234,22.40,
49,44490,231,39.55,239,22.19,
50,45189,99,21.91,244,22.19,
51,46226,69,18.79,249,22.62,
52,46943,112,22.94,254,22.19,
53,47277,248,42.69,259,22.29,
54,48804,286,49.78,264,22.40,
55,49839,99,21.91,269,22.51,
