Event,Ardn_time[ms],ADC[0-1023],SiPM[mV],Deadtime[ms],Temp[C],Name
1,5365,268,46.26,0,23.15,
2,5995,167,28.76,5,23.15,
3,6853,120,23.58,10,23.15,
4,10302,143,25.74,15,22.94,
5,12442,66,18.36,20,23.15,
6,12588,103,22.23,25,23.05,
7,13080,83,20.46,30,22.94,
8,15142,124,23.92,35,23.05,
9,16859,655,252.34,40,22.94,
10,18227,71,19.06,45,23.15,
11,19334,89,21.05,50,22.83,
12,19675,87,20.86,55,23.15,
13,20471,188,32.01,60,23.15,
14,21251,300,52.79,65,23.15,
15,21268,551,164.56,70,23.15,
16,21561,115,23.18,75,23.15,
17,21586,274,47.52,80,23.15,
18,22577,112,22.94,85,23.15,
19,24743,195,33.17,90,22.94,
20,24802,230,39.39,95,22.94,
21,25502,354,67.99,100,23.15,
22,25899,51,15.86,105,23.05,
23,26052,92,21.32,110,23.15,
24,26304,197,33.52,115,22.94,
25,26550,355,68.30,120,23.15,
26,27080,575,187.30,125,23.05,
27,28736,49,15.48,130,23.05,
28,29655,255,43.96,135,22.94,
29,30255,156,27.28,140,22.94,
30,30321,71,19.06,145,23.15,
31,31492,205,34.91,150,22.72,
32,31764,69,18.79,155,22.72,
33,33342,79,20.03,160,22.94,
34,34639,56,16.76,165,23.15,
35,35075,572,183.73,170,23.15,
36,35656,88,20.96,175,23.15,
37,37315,377,76.28,180,23.15,
38,39926,52,16.04,185,23.15,
39,42335,89,21.05,190,23.15,
40,43489,608,202.86,195,23.05,
41,43559,96,21.67,200,23.05,
42,44388,216,36.85,205,23.15,
43,47072,56,16.76,210,23.15,
44,47734,71,19.06,215,22.94,
45,49865,305,53.88,220,23.15,
46,51147,248,42.69,225,23.15,
47,51649,124,23.92,230,23.05,
48,53107,204,34.73,235,23.15,
49,54258,57,16.93,240,23.15,
50,54557,224,38.29,245,22.94,
51,55199,284,49.41,250,22.94,
52,55998,268,46.26,255,23.15,
53,56218,275,47.73,260,23.15,
54,56470,70,18.93,265,23.05,
55,62114,96,21.67,270,23.15,
56,63708,73,19.32,275,22.72,
57,67006,81,20.25,280,23.15,
58,67382,263,45.37,285,23.37,
59,68269,254,43.77,290,22.94,
60,70785,327,59.28,295,23.15,
61,70917,79,20.03,300,22.83,
62,71025,384,80.08,305,23.15,
63,72167,220,37.58,310,23.26,
64,75236,376,76.43,315,22.72,
65,77165,73,19.32,320,23.05,
66,77833,70,18.93,325,23.15,
67,77958,147,26.19,330,23.15,
68,78146,102,22.15,335,23.15,
69,78244,224,38.29,340,23.15,
70,78961,95,21.58,345,23.15,
71,79192,147,26.19,350,22.94,
72,82207,312,55.68,355,23.15,
73,82302,56,16.76,360,23.37,
74,82999,313,56.02,365,22.94,
75,84011,70,18.93,370,22.83,
76,84422,327,59.28,375,22.94,
77,89009,108,22.63,380,23.15,
78,89191,62,17.75,385,22.94,
79,89413,56,16.76,390,23.05,
80,90078,287,50.23,395,22.83,
81,92285,70,18.93,400,23.37,
82,93890,79,20.03,405,22.94,
83,94535,188,32.01,410,22.94,
84,94685,56,16.76,415,22.72,
85,94774,384,80.08,420,22.94,
86,95046,371,73.82,425,22.94,
87,95305,112,22.94,430,23.15,
88,95674,432,101.61,435,23.15,
89,97964,318,57.28,440,22.94,
90,98107,63,17.91,445,23.15,
91,98774,241,41.39,450,23.15,
92,99248,116,23.26,455,22.72,
93,100919,58,17.10,460,23.15,
94,105507,56,16.76,465,23.15,
95,109991,556,174.47,470,23.15,
96,110240,271,46.93,475,23.15,
97,110410,398,85.63,480,23.15,
98,110843,229,39.22,485,22.94,
99,111504,454,115.28,490,22.72,
100,113351,134,24.82,495,23.15,
101,114255,67,18.51,501,22.72,
102,115153,245,42.08,506,23.05,
103,118586,312,55.68,511,23.05,
104,122188,120,23.58,516,23.15,
105,122383,102,22.15,521,22.83,
106,122684,271,46.93,526,23.05,
107,122967,89,21.05,531,22.72,
108,123771,79,20.03,536,22.94,
109,124519,323,58.48,541,22.94,
110,126778,67,18.51,546,22.83,
111,128130,62,17.75,551,22.94,
112,128588,92,21.32,556,23.15,
113,130368,297,52.13,561,22.83,
114,131378,62,17.75,566,23.15,
115,136334,344,64.67,571,23.15,
116,136512,185,31.51,576,23.37,
117,138441,56,16.76,581,23.05,
118,139316,56,16.76,586,23.15,
119,139606,103,22.23,591,23.15,
120,139722,99,21.91,596,23.15,
121,140313,238,40.82,601,22.94,
122,140582,48,15.29,606,22.94,
123,141430,306,54.23,611,23.05,
124,143602,51,15.86,616,23.15,
125,144007,120,23.58,621,22.83,
126,144051,89,21.05,626,22.94,
127,144335,96,21.67,631,23.05,
128,144910,55,16.58,636,22.94,
129,145198,206,35.07,641,23.15,
130,146856,376,76.43,646,23.15,
131,147411,240,41.21,651,23.15,
132,147511,318,57.28,656,23.05,
133,148194,300,52.79,661,23.05,
134,148324,99,21.91,666,22.83,
135,152066,422,97.97,671,22.94,
136,152889,398,85.63,676,22.94,
137,152960,366,72.41,681,23.15,
138,154612,487,132.65,686,22.83,
139,154762,391,82.35,691,23.15,
140,155337,83,20.46,696,23.05,
141,156175,67,18.51,701,23.05,
142,157577,67,18.51,706,22.83,
143,158620,152,26.78,711,22.94,
144,158726,348,65.64,716,23.05,
145,158885,167,28.76,721,22.94,
146,159843,225,38.48,726,23.15,
147,160875,163,28.20,731,23.05,
148,161344,126,24.09,736,23.15,
149,161416,199,33.86,741,23.15,
150,163495,112,22.94,746,22.83,
151,165278,102,22.15,751,23.15,
152,165800,121,23.66,756,23.15,
153,165883,240,41.21,761,23.15,
154,167704,312,55.68,766,23.15,
155,167767,78,19.92,771,23.15,
156,169453,103,22.23,776,23.15,
157,172490,100,22.00,781,22.94,
158,173883,249,42.85,786,23.15,
159,175673,140,25.42,791,22.94,
160,176371,448,112.41,796,23.15,
161,177218,280,48.67,801,23.37,
162,177455,57,16.93,806,23.15,
163,178128,91,21.23,811,22.83,
164,179083,56,16.76,816,23.15,
165,179246,170,29.19,821,23.15,
166,179929,359,69.86,826,22.72,
167,181346,831,853.96,831,22.83,
168,182653,255,43.96,836,23.37,
169,183007,449,112.05,841,23.37,
170,183887,280,48.67,846,23.15,
171,184442,705,364.03,851,22.94,
172,184812,376,76.43,856,22.94,
173,189515,455,117.03,861,22.94,
174,189640,355,68.30,866,23.15,
175,189997,271,46.93,871,22.94,
176,191441,56,16.76,876,22.94,
177,191465,53,16.22,881,23.05,
178,193327,51,15.86,886,23.05,
179,195101,61,17.60,891,22.94,
180,195289,79,20.03,896,22.83,
181,195472,255,43.96,901,22.94,
182,196556,78,19.92,906,23.05,
183,197094,352,66.89,911,23.15,
184,198522,77,19.81,916,22.94,
185,198863,55,16.58,921,22.83,
186,201501,319,57.64,926,23.15,
187,204471,608,202.86,931,22.94,
188,204503,111,22.86,936,22.72,
189,206886,313,56.02,941,22.72,
190,207040,176,30.09,946,23.37,
191,207981,56,16.76,951,22.83,
192,212426,63,17.91,956,22.94,
193,213137,147,26.19,961,23.15,
194,214120,176,30.09,966,23.15,
195,216088,255,43.96,971,23.15,
196,217834,89,21.05,976,23.05,
197,219137,625,226.08,981,23.15,
198,219229,352,66.89,986,22.94,
199,220332,393,83.55,991,23.15,
200,220462,370,73.62,996,23.37,
201,220571,115,23.18,1001,23.05,
202,221936,188,32.01,1006,23.15,
203,222867,56,16.76,1011,22.94,
