Event,Ardn_time[ms],ADC[0-1023],SiPM[mV],Deadtime[ms],Temp[C],Name
1,3377,269,46.58,0,22.29,
2,3588,339,62.98,5,22.72,
3,4829,60,17.43,10,22.51,
4,5357,304,53.73,15,22.40,
5,5494,280,48.67,20,22.72,
6,6386,265,45.75,25,22.29,
7,7293,49,15.48,30,22.72,
8,9012,131,24.54,35,22.51,
9,10281,91,21.23,40,22.29,
10,12375,143,25.74,45,22.29,
11,14398,108,22.63,50,22.83,
12,14623,216,36.85,55,22.72,
13,14859,329,59.91,60,22.29,
14,16382,54,16.41,65,22.51,
15,17949,147,26.19,70,22.29,
16,19893,60,17.43,75,22.40,
17,21167,62,17.75,80,22.29,
18,26851,83,20.46,85,22.40,
19,28225,287,50.23,90,22.29,
20,28273,207,35.26,95,22.62,
21,28868,582,193.83,100,22.72,
22,29059,327,59.28,105,22.40,
23,29096,147,26.19,110,22.40,
24,29163,96,21.67,115,22.40,
25,29424,408,90.57,120,22.40,
26,31020,335,61.77,125,22.62,
27,33259,728,431.28,130,22.94,
28,33958,89,21.05,135,22.51,
29,34041,304,53.73,140,22.62,
30,35493,423,97.36,145,22.40,
31,36964,127,24.18,150,22.40,
32,38541,243,41.74,155,22.40,
33,38817,428,101.58,160,22.40,
34,38884,76,19.69,165,22.51,
35,40384,92,21.32,170,22.62,
36,40464,97,21.75,175,22.40,
37,40711,103,22.23,180,22.62,
38,40882,199,33.86,185,22.62,
39,41178,304,53.73,190,22.51,
40,41499,71,19.06,195,22.51,
41,41774,513,148.53,200,22.29,
42,42232,173,29.64,205,22.29,
43,42484,393,83.55,210,22.62,
44,42499,125,24.00,215,22.51,
45,43428,63,17.91,220,22.40,
46,43941,384,80.08,225,22.29,
47,44227,71,19.06,230,22.62,
48,44787,140,25.42,235,22.62,
49,45034,273,47.25,240,22.29,
50,45375,210,35.78,245,22.83,
51,46157,224,38.29,250,22.29,
52,47364,51,15.86,255,22.72,
53,47694,60,17.43,260,22.72,
54,48039,248,42.69,265,22.72,
55,48622,89,21.05,270,22.51,
56,48885,67,18.51,275,22.40,
57,51861,96,21.67,280,22.62,
58,51974,103,22.23,285,22.51,
59,52271,415,95.00,290,22.29,
60,52278,108,22.63,295,22.51,
61,56654,211,35.96,300,22.72,
62,60390,96,21.67,305,22.29,
63,60891,327,59.28,310,22.51,
64,61390,110,22.78,315,22.51,
65,61847,112,22.94,320,22.29,
66,62263,609,211.41,325,22.40,
67,63093,255,43.96,330,22.29,
68,63218,415,95.00,335,22.40,
69,64173,240,41.21,340,22.40,
70,65006,275,47.73,345,22.51,
71,66927,166,28.62,350,22.51,
72,70582,192,32.67,355,22.72,
73,70717,366,72.41,360,22.40,
74,71512,71,19.06,365,22.51,
75,71901,179,30.55,370,22.29,
76,72216,133,24.73,375,22.40,
77,72967,156,27.28,380,22.62,
78,73148,472,125.87,385,22.62,
79,73155,56,16.76,390,22.40,
80,73172,57,16.93,395,22.40,
81,73437,275,47.73,400,22.40,
82,73807,76,19.69,405,22.62,
83,74378,275,47.73,410,22.51,
84,75074,97,21.75,415,22.29,
85,76419,358,69.10,420,22.40,
86,77562,142,25.64,425,22.72,
87,78507,105,22.39,430,22.40,
88,78522,299,52.61,435,22.40,
89,78795,238,40.82,440,22.51,
90,80707,184,31.36,445,22.40,
91,80857,317,56.91,450,22.29,
92,81208,78,19.92,455,22.51,
93,81637,60,17.43,460,22.51,
94,83989,284,49.41,465,22.51,
95,84879,51,15.86,470,22.51,
96,85697,345,64.98,475,22.51,
97,87176,433,104.37,480,22.29,
98,87524,261,45.09,485,22.40,
99,88927,79,20.03,490,22.40,
100,89654,613,215.02,495,22.51,
101,89717,108,22.63,500,22.51,
102,92076,167,28.76,505,22.62,
103,94478,96,21.67,510,22.29,
104,95085,255,43.96,515,22.29,
105,95651,96,21.67,520,22.62,
106,96843,226,38.63,525,22.51,
107,97031,192,32.67,530,22.51,
