Event,Ardn_time[ms],ADC[0-1023],SiPM[mV],Deadtime[ms],Temp[C],Name
1,4158,56,16.76,0,22.94,
2,6304,318,57.28,5,23.15,
3,6493,291,50.97,10,23.05,
4,7234,63,17.91,15,23.05,
5,8005,143,25.74,20,23.15,
6,8163,270,46.71,25,23.15,
7,8425,52,16.04,30,22.94,
8,10183,149,26.42,35,23.05,
9,11283,199,33.86,40,23.15,
10,11564,505,145.23,45,23.15,
11,12915,79,20.03,50,23.15,
12,13451,70,18.93,55,22.83,
13,13578,111,22.86,60,22.72,
14,14080,63,17.91,65,23.05,
15,14431,440,109.25,70,23.15,
16,14601,51,15.86,75,23.15,
17,15861,96,21.67,80,22.94,
18,17744,255,43.96,85,23.15,
19,18868,185,31.51,90,23.15,
20,19522,48,15.29,95,22.94,
21,20372,51,15.86,100,22.83,
22,22211,60,17.43,105,23.15,
23,24562,88,20.96,110,23.26,
24,24942,297,52.13,115,22.94,
25,26298,281,48.90,120,22.94,
26,26909,243,41.74,125,23.15,
27,27664,67,18.51,130,22.72,
28,28225,74,19.44,135,23.05,
29,29029,284,49.41,140,23.15,
30,29401,184,31.36,145,23.15,
31,30191,89,21.05,150,22.72,
32,30283,127,24.18,155,23.15,
33,32202,78,19.92,160,22.72,
34,32619,574,181.47,165,23.15,
35,33452,384,80.08,170,23.15,
36,34641,60,17.43,175,23.15,
37,34819,103,22.23,180,22.83,
38,36389,76,19.69,185,22.72,
39,36848,220,37.58,190,23.15,
40,37111,79,20.03,195,22.83,
41,38761,61,17.60,200,23.15,
42,39759,263,45.37,205,23.15,
43,41048,127,24.18,210,22.83,
44,43224,83,20.46,215,23.05,
45,44088,184,31.36,220,23.15,
46,45266,86,20.77,225,22.72,
47,45683,127,24.18,230,22.94,
48,46376,97,21.75,235,22.72,
49,46992,312,55.68,240,23.15,
50,49004,51,15.86,245,22.72,
51,50722,358,69.10,250,23.26,
52,53135,236,40.44,255,22.83,
53,53969,55,16.58,260,22.83,
54,55332,252,43.42,265,23.15,
55,55789,421,97.33,270,23.15,
56,56046,273,47.25,275,22.94,
57,56060,71,19.06,280,22.94,
58,57612,152,26.78,285,22.83,
59,57680,83,20.46,290,22.94,
60,58392,231,39.55,295,23.15,
61,60489,124,23.92,300,22.72,
62,60829,51,15.86,305,22.83,
63,61588,60,17.43,310,22.83,
64,63062,318,57.28,315,23.15,
65,63069,307,54.48,320,22.94,
66,63216,134,24.82,325,22.83,
67,63267,582,193.83,330,23.05,
68,64034,339,62.98,335,22.83,
69,66122,192,32.67,340,22.83,
70,66764,210,35.78,345,22.72,
71,67561,76,19.69,350,23.15,
72,68104,295,51.75,355,23.15,
73,68313,369,73.42,360,23.05,
74,70165,142,25.64,365,23.15,
75,70561,480,130.21,370,22.94,
76,71473,376,76.43,375,22.94,
77,71621,368,72.93,380,23.15,
78,74553,195,33.17,385,23.15,
79,74662,131,24.54,390,23.05,
80,74850,76,19.69,395,22.94,
81,75867,287,50.23,400,23.15,
82,75969,408,90.57,405,22.83,
83,76011,93,21.41,410,22.94,
84,76443,224,38.29,415,22.94,
85,76803,78,19.92,420,22.72,
86,78528,49,15.48,425,22.72,
87,79104,71,19.06,430,22.72,
88,79222,88,20.96,435,22.83,
89,79279,103,22.23,440,23.15,
90,80123,231,39.55,445,22.94,
91,80424,359,69.86,450,22.94,
92,83504,216,36.85,455,22.94,
93,84249,291,50.97,460,23.15,
94,84795,376,76.43,465,23.15,
95,85026,53,16.22,470,22.94,
96,85140,177,30.25,475,22.94,
97,85176,83,20.46,480,23.15,
98,87396,76,19.69,485,23.15,
99,87581,455,117.03,490,22.72,
100,87884,217,37.04,495,23.15,
101,87975,77,19.81,500,22.72,
102,88426,89,21.05,505,22.83,
103,88452,211,35.96,510,23.15,
104,89062,62,17.75,515,22.72,
105,92013,359,69.86,520,22.72,
106,92352,487,132.65,525,23.15,
107,93478,451,113.08,530,23.15,
108,93764,96,21.67,535,23.15,
109,93983,428,101.58,540,23.15,
110,94419,60,17.43,545,23.05,
111,95309,131,24.54,550,22.83,
112,95643,455,117.03,556,22.94,
113,99376,83,20.46,561,23.15,
114,100261,508,144.95,566,22.94,
115,101564,230,39.39,571,22.94,
116,103417,56,16.76,576,23.05,
117,104436,284,49.41,581,23.15,
118,105521,600,203.87,586,23.15,
119,106109,83,20.46,591,23.15,
120,106955,316,56.81,596,22.72,
121,106974,83,20.46,601,23.15,
122,107768,145,25.96,606,22.72,
123,109479,188,32.01,611,22.94,
124,109887,123,23.83,616,22.72,
125,110043,455,117.03,621,23.15,
126,110110,103,22.23,626,23.15,
127,111877,211,35.96,631,23.15,
128,112692,62,17.75,636,22.94,
129,113880,88,20.96,641,23.05,
130,114312,103,22.23,646,23.15,
131,114519,220,37.58,651,22.72,
132,114712,271,46.93,656,23.05,
133,115051,286,49.78,661,23.37,
134,115689,56,16.76,666,22.94,
135,115706,432,101.61,671,22.94,
136,115775,240,41.21,676,22.94,
137,117414,497,142.37,681,23.15,
138,117523,135,24.92,686,23.05,
139,118685,167,28.76,691,22.94,
140,119120,60,17.43,696,23.15,
141,120420,284,49.41,701,23.15,
142,120484,295,51.75,706,22.83,
143,122073,241,41.39,711,23.15,
144,123103,376,76.43,716,23.15,
145,123440,251,43.19,721,22.72,
146,123553,425,99.48,726,22.94,
147,123658,313,56.02,731,22.94,
148,123719,71,19.06,736,23.15,
149,123986,547,162.22,741,22.94,
150,126210,67,18.51,746,23.05,
151,127699,71,19.06,751,22.72,
152,127906,103,22.23,756,22.83,
153,128761,57,16.93,761,23.15,
154,129019,121,23.66,766,22.83,
155,129272,121,23.66,771,22.62,
156,131215,275,47.73,776,22.94,
157,131993,127,24.18,781,22.94,
158,132337,102,22.15,786,23.15,
159,133490,51,15.86,791,23.05,
160,134835,56,16.76,796,23.05,
161,134993,152,26.78,801,22.94,
162,136174,487,132.65,806,23.15,
163,136464,243,41.74,811,22.94,
164,138259,152,26.78,816,23.15,
165,138780,67,18.51,821,23.15,
166,140118,82,20.36,826,23.05,
167,141946,60,17.43,831,23.15,
168,142341,134,24.82,836,22.94,
169,142668,60,17.43,842,22.94,
170,144567,113,23.02,847,22.94,
171,149124,57,16.93,852,22.83,
172,150484,63,17.91,857,23.37,
173,150621,159,27.66,862,22.72,
174,150929,71,19.06,867,23.05,
175,151588,124,23.92,872,22.83,
176,153441,358,69.10,877,23.05,
177,155365,291,50.97,882,23.05,
178,156267,103,22.23,887,22.94,
179,156752,362,70.92,892,23.05,
180,156793,92,21.32,897,23.15,
181,157551,51,15.86,902,22.72,
182,157804,207,35.26,907,22.94,
183,157884,56,16.76,912,23.15,
184,158151,103,22.23,917,23.15,
185,158717,96,21.67,922,23.15,
186,159617,348,65.64,927,23.05,
187,160093,252,43.42,932,23.15,
188,160456,105,22.39,937,22.72,
189,160610,112,22.94,942,23.05,
190,161723,254,43.77,947,23.15,
191,161822,510,148.47,952,22.94,
192,162666,486,135.98,957,23.26,
193,162676,391,82.35,962,23.05,
194,165012,255,43.96,967,23.15,
195,165712,352,66.89,972,22.94,
196,166097,199,33.86,977,23.15,
197,168553,62,17.75,982,23.15,
198,169107,428,101.58,987,22.94,
199,170128,62,17.75,992,22.72,
200,170350,79,20.03,997,23.15,
201,172133,301,53.09,1002,22.94,
202,174936,327,59.28,1007,22.94,
203,175672,152,26.78,1012,23.05,
204,178450,384,80.08,1017,22.83,
205,179823,76,19.69,1023,22.94,
206,180118,178,30.40,1028,23.05,
207,182837,408,90.57,1033,23.15,
208,183102,281,48.90,1038,23.15,
209,183289,90,21.14,1044,23.15,
210,183710,56,16.76,1049,23.05,
211,183798,96,21.67,1054,22.94,
212,184081,51,15.86,1059,23.05,
213,185387,127,24.18,1064,23.15,
214,185439,63,17.91,1069,23.05,
215,188140,195,33.17,1075,23.05,
216,188292,368,72.93,1080,23.05,
217,188709,69,18.79,1085,22.83,
218,188787,99,21.91,1091,22.94,
219,190076,207,35.26,1096,22.72,
220,192445,71,19.06,1101,22.94,
221,192758,79,20.03,1106,23.05,
222,193281,93,21.41,1111,22.94,
223,193418,62,17.75,1116,23.05,
224,194268,173,29.64,1122,22.94,
225,194314,268,46.26,1127,22.83,
226,196787,120,23.58,1133,22.94,
227,197150,316,56.81,1139,23.15,
228,197725,448,112.41,1144,23.05,
229,198500,51,15.86,1149,23.05,
230,199078,47,15.10,1154,23.15,
231,200068,688,328.69,1159,22.94,
232,201137,110,22.78,1164,22.94,
233,201375,287,50.23,1169,23.15,
234,201385,192,32.67,1174,23.05,
235,201728,63,17.91,1179,23.15,
236,202417,348,65.64,1185,22.94,
237,203350,97,21.75,1190,22.94,
238,205008,335,61.77,1195,22.72,
239,205913,134,24.82,1200,23.15,
240,206710,403,88.99,1206,22.94,
241,206881,225,38.48,1211,22.94,
242,207032,334,61.44,1216,23.15,
243,208417,216,36.85,1221,23.05,
244,210135,121,23.66,1226,22.94,
245,211215,560,175.34,1232,23.15,
246,211396,184,31.36,1238,23.15,
247,212417,174,29.79,1243,23.15,
248,212848,67,18.51,1248,22.72,
249,213248,277,48.09,1254,22.94,
250,213268,126,24.09,1260,23.15,
251,214948,73,19.32,1266,22.72,
252,217068,211,35.96,1271,22.94,
253,218621,263,45.37,1276,23.15,
254,218866,435,104.92,1282,22.83,
255,219425,97,21.75,1287,23.15,
256,219944,78,19.92,1292,23.15,
257,220034,497,142.37,1297,22.94,
258,220191,108,22.63,1303,23.15,
259,221035,219,37.38,1308,22.94,
260,221221,216,36.85,1313,23.15,
261,222849,51,15.86,1318,23.15,
262,222940,217,37.04,1323,22.62,
263,223375,312,55.68,1328,22.94,
264,223548,478,129.43,1333,22.83,
265,223952,49,15.48,1339,22.94,
266,224445,99,21.91,1344,23.15,
267,224474,280,48.67,1349,23.15,
268,226688,71,19.06,1355,22.72,
269,226757,508,144.95,1360,23.15,
270,226911,615,227.36,1365,23.05,
271,227300,281,48.90,1370,23.05,
272,227314,391,82.35,1376,23.15,
273,228944,313,56.02,1381,23.37,
274,229156,359,69.86,1386,22.72,
275,230601,68,18.65,1391,23.37,
276,230665,105,22.39,1397,23.15,
277,231216,55,16.58,1402,23.05,
278,232219,339,62.98,1407,22.94,
279,232407,289,50.47,1412,23.05,
280,233790,263,45.37,1417,23.15,
281,234045,71,19.06,1423,23.15,
282,234273,73,19.32,1428,23.05,
