Event,Ardn_time[ms],ADC[0-1023],SiPM[mV],Deadtime[ms],Temp[C]
1,2888,263,45.37,0,22.62
2,2926,51,15.86,5,22.62
3,3263,140,25.42,10,22.94
4,6194,102,22.15,15,22.72
5,8109,352,66.89,20,22.83
6,9073,300,52.79,25,22.72
7,9635,60,17.43,30,23.15
8,10405,227,38.83,35,23.05
9,10626,184,31.36,40,22.72
10,11830,51,15.86,45,23.15
11,11919,371,73.82,50,22.72
12,14755,71,19.06,55,22.62
13,16402,63,17.91,60,23.15
14,16717,216,36.85,65,22.94
15,17515,120,23.58,70,22.72
16,17845,103,22.23,75,22.72
17,18865,275,47.73,80,22.62
18,21591,281,48.90,85,22.83
19,21651,199,33.86,90,22.94
20,21748,483,132.60,95,23.05
21,21784,97,21.75,100,22.94
22,23931,519,154.30,105,22.94
23,26383,284,49.41,110,22.72
24,26552,127,24.18,115,22.72
25,27428,243,41.74,120,22.94
26,27712,291,50.97,125,22.62
27,27814,56,16.76,130,22.83
28,34985,51,15.86,135,22.94
29,35316,556,174.47,140,23.05
30,35585,80,20.14,145,23.15
31,36207,255,43.96,150,23.05
32,36446,76,19.69,155,22.72
33,37156,432,101.61,160,22.72
34,37981,254,43.77,165,23.15
35,39275,112,22.94,170,22.72
36,40019,96,21.67,175,23.05
37,40107,179,30.55,180,22.62
38,40901,88,20.96,185,22.72
39,41351,49,15.48,190,22.51
40,43055,71,19.06,195,23.05
41,45719,94,21.50,200,22.72
42,46153,88,20.96,205,22.72
43,46526,141,25.53,210,22.83
44,47747,323,58.48,215,22.83
45,50077,312,55.68,220,23.15
46,50538,448,112.41,225,22.94
47,51334,99,21.91,230,22.83
48,52741,300,52.79,235,22.94
49,53781,133,24.73,240,22.62
50,54137,70,18.93,245,22.94
51,55757,260,44.83,250,22.72
52,56080,268,46.26,255,22.62
53,57008,195,33.17,260,22.72
54,57873,227,38.83,265,22.83
55,58441,67,18.51,270,22.94
56,58655,127,24.18,275,22.94
57,59470,300,52.79,280,22.51
58,60227,293,51.29,285,22.83
59,62556,67,18.51,290,22.72
60,63016,71,19.06,295,22.62
61,63363,135,24.92,300,22.72
62,64149,88,20.96,305,22.94
63,65170,131,24.54,310,22.94
64,65536,202,34.38,315,22.72
65,68460,307,54.48,320,22.83
66,68796,56,16.76,325,23.05
67,68967,158,27.53,330,22.72
68,70733,216,36.85,335,22.83
69,70903,339,62.98,340,22.62
70,71554,63,17.91,345,22.94
71,71742,595,212.63,350,22.62
72,72579,89,21.05,355,22.62
73,73541,76,19.69,360,22.94
74,73858,216,36.85,365,22.94
75,74218,81,20.25,370,22.83
76,74462,295,51.75,375,22.51
77,74769,89,21.05,380,23.05
78,75220,551,164.56,385,22.62
79,76849,368,72.93,390,22.62
80,77815,120,23.58,395,23.05
81,77833,127,24.18,400,23.05
82,77900,270,46.71,405,22.94
83,77952,63,17.91,410,22.94
84,80155,364,71.71,415,22.72
85,81629,280,48.67,420,22.51
86,83941,307,54.48,425,23.05
87,84029,79,20.03,430,22.62
88,85454,205,34.91,435,22.51
89,85583,348,65.64,440,22.83
90,86362,227,38.83,445,22.94
91,86775,78,19.92,450,22.83
92,87307,51,15.86,455,22.72
93,92228,323,58.48,460,22.72
94,92646,263,45.37,465,22.83
95,93995,319,57.64,470,22.83
96,94091,287,50.23,475,22.94
97,94202,270,46.71,480,22.72
98,94468,348,65.64,485,22.72
99,95092,62,17.75,490,22.72
100,95630,48,15.29,495,22.62
101,95794,63,17.91,500,22.72
102,97817,460,119.54,505,22.94
103,99419,263,45.37,510,22.72
104,99970,504,143.61,515,23.05
105,101781,172,29.49,520,22.62
106,103217,243,41.74,525,22.51
107,104567,664,270.86,530,22.72
108,104989,408,90.57,535,23.15
109,105873,263,45.37,540,22.72
110,105949,284,49.41,546,23.15
111,106921,399,87.30,551,22.51
112,107239,261,45.09,556,23.15
113,108711,487,132.65,562,22.83
114,110143,377,76.28,567,23.15
115,110218,83,20.46,572,23.05
116,110878,224,38.29,577,22.62
117,113389,275,47.73,582,23.15
118,113400,327,59.28,587,22.83
119,114985,127,24.18,592,22.83
120,116348,48,15.29,597,23.15
121,117437,56,16.76,602,23.05
122,117971,61,17.60,607,22.72
123,118884,273,47.25,612,22.51
124,119222,207,35.26,617,22.72
125,119261,96,21.67,622,23.15
126,119513,432,101.61,627,22.51
127,120492,120,23.58,632,22.62
128,120558,115,23.18,637,22.94
129,121085,575,187.30,642,22.94
130,122238,319,57.64,647,22.72
131,123798,408,90.57,652,22.51
132,124716,47,15.10,657,22.72
133,124974,179,30.55,662,23.15
134,125025,305,53.88,667,22.72
135,125396,167,28.76,672,22.62
136,125828,132,24.63,677,23.15
137,127142,396,85.28,683,22.72
138,128340,174,29.79,688,22.51
139,128367,75,19.57,693,22.72
140,131652,606,221.61,698,22.83
141,132182,71,19.06,703,22.72
142,133029,88,20.96,708,23.15
143,133466,352,66.89,713,22.83
144,135573,355,68.30,718,23.05
145,135726,408,90.57,723,22.83
146,135776,387,81.05,728,23.05
147,136397,76,19.69,733,23.05
148,136779,494,141.37,738,22.62
149,136973,92,21.32,744,22.94
150,137928,316,56.81,749,22.94
151,138017,396,85.28,754,22.72
152,140346,127,24.18,759,23.15
153,143119,152,26.78,764,23.15
154,146129,435,104.92,769,22.83
155,147694,56,16.76,774,22.72
156,148112,92,21.32,779,22.83
157,150306,291,50.97,784,23.15
158,151252,115,23.18,789,22.72
159,152947,103,22.23,794,22.62
160,153379,88,20.96,799,22.94
161,153969,334,61.44,804,22.94
162,154876,103,22.23,809,22.72
163,155491,127,24.18,814,22.94
164,156472,131,24.54,819,23.15
165,157853,60,17.43,825,22.94
166,158688,209,35.61,830,22.94
167,159325,92,21.32,835,23.15
168,159462,67,18.51,840,22.72
169,160312,146,26.08,845,22.72
170,160644,222,37.96,850,22.62
171,161311,393,83.55,855,22.83
