Event,Ardn_time[ms],ADC[0-1023],SiPM[mV],Deadtime[ms],Temp[C],Name
1,2871,344,64.67,0,21.76,
2,3536,316,56.81,5,21.97,
3,3773,120,23.58,10,22.19,
4,4719,147,26.19,15,21.87,
5,6575,748,436.69,20,21.87,
6,6710,127,24.18,25,21.97,
7,6934,268,46.26,30,21.87,
8,7262,271,46.93,35,22.19,
9,7805,225,38.48,40,21.97,
10,9732,83,20.46,45,22.19,
11,11260,211,35.96,50,21.76,
12,13504,519,154.30,55,21.97,
13,15044,348,65.64,60,22.08,
14,17072,102,22.15,65,21.97,
15,17508,70,18.93,70,21.76,
16,18216,110,22.78,75,21.87,
17,20490,231,39.55,80,22.19,
18,20539,103,22.23,85,22.19,
19,22792,71,19.06,90,21.76,
20,23027,263,45.37,95,21.97,
21,23706,305,53.88,100,21.97,
