Event,Ardn_time[ms],ADC[0-1023],SiPM[mV],Deadtime[ms],Temp[C],Name
1,2734,63,17.91,0,23.15,
2,3331,79,20.03,5,23.15,
3,3553,301,53.09,10,22.72,
4,4395,167,28.76,15,23.15,
5,5550,133,24.73,20,23.15,
6,6508,82,20.36,25,23.15,
7,7513,271,46.93,30,23.15,
8,7783,327,59.28,35,23.37,
9,9637,236,40.44,40,23.15,
10,10553,159,27.66,45,23.05,
11,11518,93,21.41,50,22.83,
12,12599,61,17.60,55,23.15,
13,14496,316,56.81,60,23.15,
14,16090,313,56.02,65,22.94,
15,16475,271,46.93,70,23.15,
16,16563,56,16.76,75,23.15,
17,16969,207,35.26,80,23.15,
18,19622,105,22.39,85,23.05,
19,20029,236,40.44,90,23.37,
20,21271,50,15.67,95,23.15,
21,21847,51,15.86,100,23.15,
22,25832,115,23.18,105,22.94,
23,26959,156,27.28,110,23.15,
24,27841,56,16.76,115,23.15,
25,29049,56,16.76,120,23.37,
26,29465,159,27.66,125,23.15,
27,30290,63,17.91,130,23.37,
28,30725,102,22.15,135,22.94,
29,32021,135,24.92,140,23.15,
30,32526,68,18.65,145,23.05,
31,34304,195,33.17,150,23.15,
32,34585,131,24.54,155,23.37,
33,35481,231,39.55,160,22.83,
34,36572,83,20.46,165,23.15,
35,37489,275,47.73,170,23.15,
36,37978,115,23.18,175,22.94,
37,38098,79,20.03,180,23.37,
38,38216,81,20.25,185,23.15,
39,39300,419,97.20,190,23.15,
40,40486,327,59.28,195,23.15,
41,41267,252,43.42,200,23.15,
42,41508,56,16.76,205,23.15,
43,41714,249,42.85,210,23.05,
44,41723,327,59.28,215,23.05,
45,43116,112,22.94,220,22.72,
46,43416,56,16.76,225,23.15,
47,45544,435,104.92,230,23.15,
48,46809,159,27.66,235,23.15,
49,48166,205,34.91,240,22.94,
50,50313,79,20.03,245,23.15,
51,50912,49,15.48,250,23.15,
52,51672,451,113.08,255,23.37,
53,52605,106,22.47,260,23.15,
54,53697,287,50.23,265,22.94,
55,54222,79,20.03,270,23.15,
56,54424,711,380.66,275,23.15,
57,55451,98,21.83,280,23.37,
58,55783,57,16.93,285,23.05,
59,56773,79,20.03,290,23.15,
60,57293,159,27.66,295,22.94,
61,57857,120,23.58,300,23.37,
62,58046,88,20.96,305,23.26,
63,58860,92,21.32,310,23.15,
64,59529,109,22.70,315,22.72,
65,60099,79,20.03,320,23.15,
66,60749,99,21.91,325,23.05,
67,61239,88,20.96,330,23.37,
68,61714,64,18.06,335,23.37,
69,62515,337,62.30,340,22.94,
70,66450,240,41.21,345,23.15,
71,67970,414,93.93,350,23.37,
72,68062,63,17.91,355,22.94,
73,68104,302,53.30,360,23.15,
74,68179,271,46.93,365,23.37,
75,68599,53,16.22,370,23.15,
76,68828,103,22.23,375,23.15,
77,72127,79,20.03,380,23.15,
78,75316,300,52.79,385,22.94,
79,75581,140,25.42,390,23.15,
80,77775,60,17.43,395,23.15,
81,78803,504,143.61,400,23.15,
82,79523,280,48.67,405,23.15,
83,83872,103,22.23,410,23.15,
84,83982,508,144.95,415,23.15,
85,84786,384,80.08,420,23.37,
86,86520,76,19.69,425,23.15,
87,87185,286,49.78,430,23.15,
88,87238,192,32.67,435,23.05,
89,87485,48,15.29,440,22.94,
90,88258,476,129.76,445,23.15,
91,88510,231,39.55,450,23.37,
92,90476,265,45.75,455,23.05,
93,90803,71,19.06,460,23.15,
94,91719,335,61.77,465,22.94,
95,93007,52,16.04,470,23.15,
96,93791,51,15.86,475,23.05,
97,95482,87,20.86,480,23.05,
98,98023,71,19.06,485,22.94,
99,98070,73,19.32,490,22.94,
100,98081,50,15.67,495,23.15,
101,98324,71,19.06,500,22.94,
102,98503,71,19.06,505,22.94,
103,100714,280,48.67,510,23.05,
104,101302,79,20.03,515,22.94,
105,102608,317,56.91,520,23.15,
106,103139,199,33.86,525,22.94,
107,103749,89,21.05,530,23.15,
108,105030,369,73.42,535,23.05,
109,105430,124,23.92,540,23.15,
110,106141,179,30.55,545,23.48,
111,106580,415,95.00,550,23.15,
112,106790,263,45.37,555,23.05,
113,107717,371,73.82,561,23.15,
114,108342,323,58.48,566,23.15,
115,109571,70,18.93,571,23.15,
116,110043,80,20.14,576,23.15,
117,111749,547,162.22,581,22.83,
118,112859,89,21.05,586,23.05,
119,114091,384,80.08,591,23.15,
120,114607,337,62.30,596,23.05,
121,115192,287,50.23,601,23.15,
122,116393,120,23.58,606,23.15,
123,116563,496,144.49,611,22.83,
124,116723,141,25.53,617,22.72,
125,119244,135,24.92,622,23.15,
126,119869,224,38.29,627,23.05,
127,120477,57,16.93,632,23.15,
128,122683,56,16.76,637,23.05,
129,123580,89,21.05,642,23.15,
130,123747,67,18.51,647,22.72,
131,124099,371,73.82,652,23.15,
132,124124,177,30.25,657,22.94,
133,125674,376,76.43,662,23.15,
134,128485,68,18.65,667,23.15,
135,130015,354,67.99,672,23.15,
136,130308,49,15.48,677,22.94,
137,131212,263,45.37,682,22.94,
138,131653,359,69.86,688,23.15,
139,131943,51,15.86,693,23.37,
140,132817,76,19.69,698,23.37,
141,132844,83,20.46,703,22.83,
142,133555,199,33.86,708,23.15,
143,133678,76,19.69,713,23.15,
144,134344,48,15.29,718,22.94,
145,134676,56,16.76,723,23.15,
146,136588,540,166.11,728,22.94,
147,138451,63,17.91,733,23.15,
148,138894,364,71.71,738,23.15,
149,140684,255,43.96,743,23.15,
150,140903,275,47.73,748,23.15,
151,141507,96,21.67,753,23.15,
152,141785,71,19.06,758,23.15,
153,141869,483,132.60,763,23.15,
154,142693,79,20.03,768,22.83,
155,144957,76,19.69,773,23.15,
156,145034,368,72.93,778,23.15,
157,145242,334,61.44,783,23.48,
158,145447,143,25.74,788,23.15,
159,146394,241,41.39,793,23.37,
160,146701,83,20.46,798,23.15,
161,146912,135,24.92,803,23.15,
162,148117,686,278.39,808,23.15,
163,148945,556,174.47,813,23.15,
164,151221,263,45.37,818,23.15,
165,153779,368,72.93,824,22.94,
166,154002,269,46.58,829,22.83,
167,156320,300,52.79,834,23.15,
168,156893,127,24.18,839,23.15,
169,157290,405,89.57,844,22.83,
170,157443,98,21.83,849,23.15,
171,157862,113,23.02,854,22.72,
172,157978,56,16.76,859,23.15,
173,158798,508,144.95,864,23.15,
174,159918,697,299.81,869,23.37,
175,160522,286,49.78,874,23.15,
176,161420,421,97.33,879,23.05,
177,163316,355,68.30,884,22.94,
178,163802,92,21.32,889,23.15,
179,165137,76,19.69,894,23.15,
180,165177,242,41.58,899,23.05,
181,166388,248,42.69,904,23.15,
182,167299,79,20.03,909,23.15,
183,167368,263,45.37,914,23.15,
184,170872,176,30.09,920,23.15,
185,172989,121,23.66,925,23.58,
186,176526,162,28.06,930,23.15,
187,179387,96,21.67,935,23.48,
188,180914,79,20.03,940,23.15,
189,181857,387,81.05,945,23.15,
190,183333,259,44.69,950,23.15,
191,185080,199,33.86,956,23.15,
192,186194,92,21.32,961,22.94,
193,187112,248,42.69,966,22.94,
194,187220,179,30.55,972,23.15,
195,187285,319,57.64,977,22.94,
196,190551,76,19.69,982,23.15,
197,191594,286,49.78,987,23.15,
198,195158,451,113.08,992,23.05,
199,195603,62,17.75,997,23.15,
200,196318,167,28.76,1002,23.05,
201,196832,92,21.32,1007,23.37,
202,197575,131,24.54,1012,23.05,
203,197882,377,76.28,1018,22.94,
204,197992,204,34.73,1023,22.94,
205,198452,76,19.69,1028,23.15,
206,198713,96,21.67,1033,22.94,
207,200420,611,211.89,1038,23.37,
208,203563,103,22.23,1043,23.37,
209,204195,60,17.43,1048,23.37,
210,205327,224,38.29,1054,23.15,
211,206477,51,15.86,1059,23.37,
212,207110,173,29.64,1064,23.48,
213,207311,49,15.48,1069,22.94,
214,208155,480,130.21,1074,23.15,
215,208350,103,22.23,1080,23.15,
216,210459,120,23.58,1085,23.15,
217,211402,79,20.03,1091,23.15,
218,212952,312,55.68,1096,22.94,
219,214561,269,46.58,1101,23.15,
220,214787,70,18.93,1107,23.58,
221,214930,56,16.76,1113,23.37,
222,215689,60,17.43,1118,23.15,
223,216057,76,19.69,1124,23.37,
224,217584,67,18.51,1129,23.15,
225,217737,199,33.86,1135,23.48,
226,219950,227,38.83,1140,22.94,
227,219976,70,18.93,1145,23.05,
228,220324,229,39.22,1151,23.15,
229,220786,248,42.69,1156,22.94,
230,223025,62,17.75,1162,22.94,
231,223272,82,20.36,1168,23.15,
232,223486,70,18.93,1173,23.15,
233,226440,71,19.06,1178,23.15,
234,226550,384,80.08,1183,23.15,
235,226634,245,42.08,1188,23.15,
236,226938,62,17.75,1194,23.15,
237,228159,56,16.76,1200,23.15,
238,229307,254,43.77,1205,23.15,
239,229966,273,47.25,1210,23.15,
240,230249,57,16.93,1216,23.15,
241,231618,319,57.64,1221,23.05,
242,232053,192,32.67,1226,23.15,
243,232205,307,54.48,1231,23.15,
244,232268,254,43.77,1236,23.15,
245,232715,112,22.94,1241,23.37,
246,233940,53,16.22,1246,22.94,
247,233966,71,19.06,1251,23.05,
248,234020,85,20.67,1256,23.15,
249,234080,63,17.91,1261,23.15,
250,234166,291,50.97,1267,23.48,
251,235114,277,48.09,1272,23.15,
252,235271,156,27.28,1278,23.15,
253,235394,176,30.09,1283,23.05,
254,235445,65,18.22,1288,23.15,
255,235610,435,104.92,1294,23.15,
256,236111,63,17.91,1299,22.72,
257,236316,551,164.56,1305,22.94,
258,237563,207,35.26,1311,23.05,
259,238283,312,55.68,1316,23.15,
260,238761,505,145.23,1321,23.15,
261,238885,77,19.81,1326,22.83,
262,239240,359,69.86,1331,23.05,
263,241105,224,38.29,1336,22.94,
264,241523,92,21.32,1341,23.48,
265,241656,65,18.22,1346,23.15,
266,242536,94,21.50,1352,23.15,
267,242568,113,23.02,1357,23.15,
268,244427,213,36.33,1362,23.05,
269,245277,88,20.96,1367,23.15,
270,246829,195,33.17,1372,23.15,
271,246918,119,23.50,1377,22.83,
272,247225,50,15.67,1383,23.15,
273,248925,199,33.86,1388,23.15,
274,249821,56,16.76,1393,23.37,
275,249849,89,21.05,1398,23.15,
276,250020,131,24.54,1403,23.26,
277,252595,207,35.26,1409,22.94,
278,253737,56,16.76,1414,23.15,
279,253797,255,43.96,1419,23.15,
280,253990,176,30.09,1424,23.58,
281,254704,440,109.25,1429,23.37,
282,255345,312,55.68,1434,23.15,
283,257169,409,91.12,1439,23.05,
284,257348,92,21.32,1444,23.48,
285,257469,352,66.89,1449,23.15,
286,257613,291,50.97,1454,23.15,
287,257678,327,59.28,1459,23.15,
288,258907,140,25.42,1464,23.15,
289,259474,255,43.96,1470,23.15,
290,259488,57,16.93,1475,22.72,
291,260326,63,17.91,1480,23.26,
292,260487,127,24.18,1486,22.94,
293,261691,255,43.96,1491,23.15,
294,261929,88,20.96,1496,23.37,
295,262586,71,19.06,1501,23.05,
296,262793,217,37.04,1506,23.15,
297,263255,419,97.20,1511,23.15,
298,263516,127,24.18,1516,23.15,
299,264441,103,22.23,1521,23.15,
300,264958,56,16.76,1526,23.05,
301,265171,217,37.04,1531,22.94,
302,266200,152,26.78,1536,23.05,
303,267058,255,43.96,1541,23.15,
304,269742,63,17.91,1546,23.15,
305,270036,103,22.23,1552,22.72,
306,270363,217,37.04,1557,23.15,
307,270706,448,112.41,1562,23.37,
308,271364,92,21.32,1567,23.26,
309,273276,49,15.48,1572,23.15,
310,275881,248,42.69,1577,23.15,
311,277843,295,51.75,1583,22.94,
312,279010,305,53.88,1588,23.15,
313,281972,57,16.93,1593,23.05,
