Event,Ardn_time[ms],ADC[0-1023],SiPM[mV],Deadtime[ms],Temp[C],Name
1,3197,88,20.96,0,22.51,
2,3810,57,16.93,5,22.40,
3,4873,92,21.32,10,22.40,
4,6292,152,26.78,15,22.19,
5,8199,63,17.91,20,22.19,
6,11232,393,83.55,25,22.29,
7,19225,291,50.97,30,22.29,
8,19430,110,22.78,35,22.51,
9,19472,167,28.76,40,22.29,
10,20447,127,24.18,45,22.51,
11,20459,280,48.67,50,22.40,
12,20711,63,17.91,55,22.19,
13,21467,166,28.62,60,22.40,
14,22062,472,125.87,65,22.51,
15,24345,112,22.94,70,22.29,
16,24907,172,29.49,75,22.40,
17,25178,63,17.91,80,22.29,
18,25500,199,33.86,85,22.51,
19,26072,121,23.66,90,22.62,
20,26857,60,17.43,95,22.19,
21,28780,70,18.93,100,22.62,
22,29793,210,35.78,105,22.40,
23,31074,167,28.76,110,22.51,
24,31092,252,43.42,115,22.29,
25,32360,332,61.17,120,22.29,
26,35316,51,15.86,125,22.51,
27,35802,57,16.93,130,22.62,
28,38450,498,140.86,135,22.62,
29,41140,255,43.96,140,22.62,
30,42954,96,21.67,145,22.19,
31,43825,83,20.46,150,22.29,
32,44099,78,19.92,155,22.51,
33,46196,112,22.94,160,22.40,
34,47064,71,19.06,165,22.51,
35,47996,115,23.18,170,22.29,
36,48564,153,26.90,175,22.51,
37,49802,115,23.18,180,22.19,
38,49826,94,21.50,185,22.51,
