Event,Ardn_time[ms],ADC[0-1023],SiPM[mV],Deadtime[ms],Temp[C],Name
1,2774,83,20.46,0,22.83,
2,2839,428,101.58,5,22.83,
3,4782,73,19.32,10,23.15,
4,6211,255,43.96,15,23.05,
5,6312,335,61.77,20,22.62,
6,6496,216,36.85,25,23.05,
7,6907,504,143.61,30,22.62,
8,7189,135,24.92,35,22.51,
9,7639,56,16.76,40,22.83,
10,8148,243,41.74,45,22.72,
11,8180,127,24.18,50,22.83,
12,8309,57,16.93,55,22.62,
13,9507,62,17.75,60,22.72,
14,10615,307,54.48,65,22.94,
15,10708,57,16.93,70,23.05,
16,10821,114,23.10,75,22.83,
17,10851,652,262.10,80,22.83,
18,11088,440,109.25,85,22.94,
19,13492,376,76.43,90,22.83,
20,13862,177,30.25,95,22.83,
21,15041,231,39.55,100,22.40,
