Event,Ardn_time[ms],ADC[0-1023],SiPM[mV],Deadtime[ms],Temp[C],Name
1,2646,384,80.08,0,23.15,
2,2864,63,17.91,5,22.72,
3,3014,254,43.77,10,23.05,
4,4193,56,16.76,15,22.83,
5,11397,71,19.06,20,22.94,
6,13940,399,87.30,25,23.15,
7,14865,216,36.85,30,23.15,
8,15959,88,20.96,35,23.15,
9,17612,295,51.75,40,22.83,
10,18799,313,56.02,45,22.72,
11,19244,89,21.05,50,23.15,
12,19300,248,42.69,55,23.05,
13,19693,237,40.69,60,22.62,
14,20107,51,15.86,65,22.94,
15,21850,327,59.28,70,22.83,
16,22014,295,51.75,75,23.15,
17,22226,199,33.86,80,22.83,
18,22525,55,16.58,85,22.72,
19,23884,316,56.81,90,23.15,
20,24643,307,54.48,95,23.15,
21,25588,81,20.25,100,23.15,
22,25618,97,21.75,105,22.94,
23,26493,112,22.94,110,22.72,
24,27199,152,26.78,115,22.72,
25,30458,67,18.51,120,22.83,
26,35943,57,16.93,125,23.15,
27,36485,76,19.69,130,23.05,
28,37805,359,69.86,135,22.72,
29,38374,62,17.75,140,23.05,
30,39312,243,41.74,145,22.83,
31,39811,543,164.77,150,22.72,
32,39931,60,17.43,155,22.83,
33,40914,231,39.55,160,23.05,
34,41312,88,20.96,165,22.94,
35,42336,49,15.48,170,22.83,
36,42862,304,53.73,175,23.05,
37,43387,97,21.75,180,22.72,
38,44376,284,49.41,185,23.15,
39,45059,543,164.77,190,23.37,
40,45232,103,22.23,195,23.05,
41,46986,63,17.91,200,23.37,
42,48488,335,61.77,205,23.05,
43,48820,56,16.76,210,22.72,
44,49263,187,31.84,215,23.05,
45,50041,391,82.35,220,22.83,
46,50446,172,29.49,225,23.15,
47,50803,83,20.46,230,22.94,
48,50924,224,38.29,235,22.72,
49,52115,77,19.81,240,22.83,
50,52696,529,156.43,245,23.15,
51,53872,83,20.46,250,22.94,
52,53932,227,38.83,255,22.83,
53,55877,89,21.05,260,23.05,
54,56945,49,15.48,265,22.83,
55,57385,207,35.26,270,23.15,
56,58312,499,141.24,275,22.83,
57,58441,333,61.18,280,22.62,
58,58514,83,20.46,285,23.15,
59,61078,62,17.75,290,22.83,
60,62471,60,17.43,295,22.94,
61,62713,224,38.29,300,23.15,
62,63234,204,34.73,305,22.51,
63,64233,185,31.51,310,22.94,
64,66511,227,38.83,315,22.72,
65,66617,67,18.51,320,22.72,
66,67135,89,21.05,325,23.15,
67,69712,348,65.64,330,22.94,
68,69938,83,20.46,335,23.15,
69,70429,92,21.32,340,22.94,
70,70490,51,15.86,345,23.05,
71,70531,63,17.91,350,22.94,
72,70782,96,21.67,355,22.83,
73,71706,295,51.75,360,23.05,
74,72245,88,20.96,365,23.15,
75,73108,194,33.00,370,22.94,
76,75568,71,19.06,375,22.94,
77,75801,71,19.06,380,23.15,
78,76444,217,37.04,385,23.05,
79,77675,231,39.55,390,23.05,
80,77972,410,92.53,395,22.94,
81,78658,339,62.98,400,22.83,
82,79894,58,17.10,405,23.15,
83,80115,355,68.30,410,22.72,
84,80483,167,28.76,415,22.83,
85,80516,304,53.73,420,22.83,
86,80615,86,20.77,425,22.94,
87,80880,93,21.41,430,22.72,
88,80963,240,41.21,435,22.83,
89,82591,231,39.55,440,22.72,
90,86230,188,32.01,445,22.83,
91,87742,79,20.03,450,23.05,
92,88677,110,22.78,455,22.94,
93,89415,76,19.69,460,23.15,
94,89876,240,41.21,465,23.15,
95,90656,57,16.93,470,22.72,
96,91468,112,22.94,475,23.15,
97,91755,59,17.27,480,23.15,
98,91911,63,17.91,485,23.15,
99,92363,216,36.85,490,23.15,
100,93776,243,41.74,495,22.72,
101,94157,51,15.86,500,22.62,
102,95954,188,32.01,505,23.05,
103,97765,212,36.14,510,23.15,
104,100652,243,41.74,515,22.83,
105,102327,255,43.96,520,22.94,
106,104646,600,203.87,525,23.37,
107,106887,339,62.98,530,22.72,
108,108664,103,22.23,535,22.83,
109,108857,460,119.54,540,23.15,
110,109744,77,19.81,545,22.94,
111,110294,67,18.51,550,22.83,
112,111772,63,17.91,555,23.05,
113,113431,281,48.90,560,22.94,
114,114381,69,18.79,565,23.15,
115,115070,124,23.92,570,22.72,
116,118502,319,57.64,575,23.37,
117,119282,483,132.60,580,23.05,
118,119357,195,33.17,585,22.94,
119,120516,69,18.79,590,23.15,
120,120838,71,19.06,595,22.83,
121,120862,268,46.26,600,22.72,
122,125156,97,21.75,606,23.05,
123,125486,83,20.46,611,22.83,
124,126934,63,17.91,616,23.05,
125,127491,237,40.69,621,22.83,
126,130439,265,45.75,626,23.05,
127,134925,63,17.91,632,23.15,
128,135858,161,27.93,637,23.15,
129,136395,312,55.68,642,22.72,
130,137480,63,17.91,647,22.72,
131,137910,295,51.75,652,22.94,
132,138424,728,431.28,657,22.72,
133,139127,304,53.73,662,22.94,
134,140420,76,19.69,667,22.94,
135,141071,231,39.55,672,23.05,
136,142044,70,18.93,677,22.83,
137,142126,172,29.49,682,23.15,
138,142371,57,16.93,687,23.15,
139,143096,134,24.82,692,23.15,
140,143599,103,22.23,698,22.94,
141,143741,476,129.76,703,22.94,
142,146267,57,16.93,709,22.83,
143,146564,335,61.77,714,23.05,
144,146963,50,15.67,719,23.15,
145,147948,455,117.03,724,22.83,
146,148006,76,19.69,729,22.94,
147,148118,71,19.06,734,22.72,
148,149289,312,55.68,739,22.72,
149,149484,79,20.03,744,22.83,
150,150509,149,26.42,749,22.94,
151,152007,419,97.20,754,23.15,
152,152613,295,51.75,759,22.72,
153,153724,56,16.76,764,22.94,
154,154822,71,19.06,769,22.83,
155,155271,255,43.96,774,22.94,
156,155651,664,270.86,779,23.05,
157,156209,79,20.03,784,22.94,
158,157726,62,17.75,789,22.94,
159,158018,108,22.63,794,23.05,
160,158815,51,15.86,799,22.83,
161,159480,140,25.42,804,23.05,
162,159556,57,16.93,809,22.94,
163,160322,79,20.03,814,22.72,
164,161527,300,52.79,819,23.15,
165,162819,103,22.23,824,23.15,
166,163222,48,15.29,829,22.94,
167,163550,318,57.28,834,22.83,
168,164733,112,22.94,839,22.62,
169,166017,78,19.92,844,23.15,
170,167044,63,17.91,849,22.94,
171,167534,115,23.18,854,22.72,
172,175152,384,80.08,859,23.15,
173,175213,147,26.19,864,23.15,
174,175602,69,18.79,869,22.94,
175,177781,173,29.64,874,23.05,
176,177840,115,23.18,879,22.94,
177,178614,510,148.47,884,22.94,
178,178822,62,17.75,889,22.83,
179,180740,300,52.79,894,23.15,
180,181477,113,23.02,899,22.83,
181,182438,71,19.06,904,23.05,
182,182447,275,47.73,909,22.72,
183,182546,342,64.07,915,22.94,
184,183021,273,47.25,920,22.94,
185,184041,56,16.76,925,22.94,
186,184184,307,54.48,930,22.94,
187,185455,216,36.85,935,22.94,
188,187825,57,16.93,940,22.83,
189,188726,71,19.06,945,22.72,
190,189338,96,21.67,950,22.94,
191,189440,108,22.63,955,23.05,
192,190035,63,17.91,960,22.83,
193,190816,60,17.43,965,22.72,
194,193424,216,36.85,970,22.83,
195,196562,77,19.81,975,22.72,
196,197637,352,66.89,980,23.15,
197,199653,505,145.23,985,23.05,
198,200165,273,47.25,990,22.94,
199,202114,192,32.67,995,23.05,
200,202300,140,25.42,1000,23.15,
201,206124,211,35.96,1006,22.94,
202,207364,89,21.05,1011,22.72,
203,209374,56,16.76,1016,22.83,
204,209622,140,25.42,1021,23.15,
205,209647,65,18.22,1027,23.37,
206,210337,216,36.85,1033,22.83,
207,210584,210,35.78,1038,22.72,
208,210798,463,119.23,1043,23.05,
209,211058,183,31.19,1048,22.94,
210,211290,110,22.78,1053,22.72,
211,211435,88,20.96,1058,23.15,
212,212124,216,36.85,1063,22.94,
213,212399,97,21.75,1068,23.05,
214,212834,300,52.79,1073,23.15,
215,213910,60,17.43,1078,22.94,
216,214552,327,59.28,1084,22.83,
217,214716,88,20.96,1089,22.94,
218,214831,56,16.76,1094,23.15,
219,215293,71,19.06,1099,22.94,
220,215975,524,150.73,1104,23.37,
221,216125,236,40.44,1110,23.05,
222,218092,207,35.26,1116,23.05,
223,218127,114,23.10,1121,22.94,
224,220797,69,18.79,1127,23.15,
225,220925,363,71.20,1133,23.15,
226,221916,49,15.48,1138,23.15,
227,222517,220,37.58,1143,23.15,
228,224204,130,24.45,1148,23.15,
229,224235,344,64.67,1154,23.15,
230,225910,390,82.70,1159,23.05,
231,229813,284,49.41,1164,23.15,
232,231663,293,51.29,1169,23.15,
233,233012,67,18.51,1174,23.05,
234,233240,238,40.82,1180,22.94,
235,233811,108,22.63,1186,22.83,
236,234695,284,49.41,1191,23.15,
237,236174,63,17.91,1196,22.94,
238,236746,127,24.18,1202,22.94,
239,237585,457,118.95,1207,22.83,
240,237995,51,15.86,1212,23.05,
241,238767,88,20.96,1217,22.94,
242,239419,93,21.41,1222,22.72,
243,240456,60,17.43,1227,23.05,
244,240493,472,125.87,1233,22.72,
245,241054,319,57.64,1239,23.05,
246,241518,302,53.30,1244,23.15,
247,241638,113,23.02,1249,22.72,
248,243072,89,21.05,1254,22.72,
249,243773,287,50.23,1259,22.83,
250,243901,179,30.55,1264,22.94,
251,244012,140,25.42,1269,23.15,
252,245224,352,66.89,1275,23.15,
253,245233,147,26.19,1280,22.83,
254,245687,88,20.96,1285,23.15,
255,246210,472,125.87,1290,23.05,
256,246448,263,45.37,1296,23.15,
257,247135,425,99.48,1302,22.72,
258,247937,109,22.70,1307,22.94,
259,248687,313,56.02,1312,22.83,
260,250001,51,15.86,1317,23.05,
261,250576,387,81.05,1322,23.15,
262,250724,339,62.98,1327,22.94,
263,251484,96,21.67,1332,22.83,
264,251799,187,31.84,1337,22.94,
265,254450,496,144.49,1342,23.15,
266,254613,70,18.93,1348,23.15,
267,254977,352,66.89,1354,22.72,
268,255612,82,20.36,1359,23.15,
269,256297,632,232.56,1364,23.15,
270,256935,91,21.23,1369,22.72,
271,257020,131,24.54,1374,23.37,
272,258574,79,20.03,1380,23.15,
273,260249,56,16.76,1385,23.15,
274,261263,270,46.71,1390,22.94,
275,261809,88,20.96,1396,23.15,
276,262778,448,112.41,1401,22.94,
277,264384,476,129.76,1406,22.94,
278,264456,380,78.12,1412,23.05,
279,266079,526,158.17,1417,23.15,
280,266432,60,17.43,1423,22.94,
281,266637,102,22.15,1429,23.15,
282,266684,71,19.06,1434,23.15,
283,266928,158,27.53,1439,22.72,
284,268208,96,21.67,1444,23.15,
285,268550,291,50.97,1449,22.62,
286,269486,92,21.32,1454,23.15,
287,269753,63,17.91,1459,22.72,
288,270018,408,90.57,1465,22.83,
289,270660,263,45.37,1470,22.72,
290,272432,56,16.76,1476,22.83,
291,273242,457,118.95,1481,23.15,
292,273533,51,15.86,1487,22.72,
293,273758,236,40.44,1492,23.15,
294,274458,76,19.69,1498,22.94,
295,275060,79,20.03,1503,22.94,
296,275178,62,17.75,1508,22.83,
297,275964,79,20.03,1514,22.83,
298,276697,359,69.86,1519,22.94,
299,278256,268,46.26,1524,23.37,
300,279092,153,26.90,1530,23.15,
301,279389,206,35.07,1535,23.15,
302,279414,243,41.74,1540,22.83,
303,279768,71,19.06,1546,23.15,
304,280073,48,15.29,1551,23.05,
305,283755,131,24.54,1556,23.05,
306,284073,51,15.86,1562,23.05,
307,285644,216,36.85,1567,23.05,
308,286796,298,52.37,1572,23.15,
309,287958,49,15.48,1577,22.72,
310,288346,88,20.96,1582,23.15,
311,288368,505,145.23,1587,22.83,
312,288634,985,2373.00,1593,22.94,
313,289187,58,17.10,1599,23.15,
