Event,Ardn_time[ms],ADC[0-1023],SiPM[mV],Deadtime[ms],Temp[C],Name
1,3059,76,19.69,0,22.19,
2,6784,56,16.76,5,22.19,
3,6844,50,15.67,10,22.29,
4,8840,49,15.48,15,22.19,
5,10146,99,21.91,20,22.19,
6,11717,268,46.26,25,22.29,
7,12213,204,34.73,30,22.19,
8,14961,409,91.12,35,22.19,
9,15178,227,38.83,40,22.19,
10,17117,123,23.83,45,22.19,
11,17378,60,17.43,50,22.19,
12,17902,334,61.44,55,22.19,
13,17937,344,64.67,60,22.19,
14,18251,284,49.41,65,22.19,
15,20349,71,19.06,70,22.29,
16,20461,313,56.02,75,22.19,
17,22335,60,17.43,80,22.19,
18,22374,56,16.76,85,22.19,
19,22689,460,119.54,90,22.19,
20,23043,120,23.58,95,22.19,
21,23354,115,23.18,100,22.19,
22,23944,143,25.74,105,22.19,
23,24842,51,15.86,110,22.19,
24,26550,481,129.57,115,22.29,
25,26783,364,71.71,120,22.19,
26,27887,140,25.42,125,22.19,
27,30462,819,689.10,130,22.19,
28,32798,122,23.75,135,22.19,
29,34777,115,23.18,140,22.19,
30,35094,240,41.21,145,22.19,
31,35284,159,27.66,150,22.29,
32,35851,513,148.53,155,22.08,
33,36413,260,44.83,160,22.19,
34,36554,499,141.24,165,22.19,
35,39191,415,95.00,170,22.08,
36,39751,319,57.64,175,22.19,
37,40007,192,32.67,180,22.19,
38,40262,146,26.08,185,22.19,
