Event,Ardn_time[ms],ADC[0-1023],SiPM[mV],Deadtime[ms],Temp[C],Name
1,3921,115,23.18,0,23.15,
2,4207,307,54.48,5,23.15,
3,5641,199,33.86,10,23.15,
4,7723,59,17.27,15,22.94,
5,9322,99,21.91,20,23.15,
6,10432,227,38.83,25,23.48,
7,10656,376,76.43,30,23.37,
8,11383,280,48.67,35,22.94,
9,11841,113,23.02,40,23.15,
10,12066,216,36.85,45,23.15,
11,14199,319,57.64,50,23.15,
12,14584,188,32.01,55,23.37,
13,14714,71,19.06,60,23.15,
14,14747,131,24.54,65,23.15,
15,16245,103,22.23,70,23.26,
16,16705,177,30.25,75,23.37,
17,17673,266,46.00,80,23.37,
18,17694,222,37.96,85,23.37,
19,19736,280,48.67,90,23.37,
20,21409,441,109.77,95,23.15,
21,21769,71,19.06,100,23.15,
