Event,Ardn_time[ms],ADC[0-1023],SiPM[mV],Deadtime[ms],Temp[C],Name
1,3905,166,28.62,0,23.15,
2,7266,399,87.30,5,23.26,
3,7971,147,26.19,10,23.69,
4,9388,49,15.48,15,23.15,
5,9520,312,55.68,20,23.15,
6,9680,287,50.23,25,23.15,
7,11163,241,41.39,30,23.15,
8,12556,384,80.08,35,23.15,
9,12903,52,16.04,40,23.37,
10,15393,73,19.32,45,23.15,
11,16090,262,45.24,50,23.15,
12,18136,307,54.48,55,22.94,
13,18376,199,33.86,60,23.37,
14,19227,480,130.21,65,23.48,
15,21126,305,53.88,70,23.15,
16,21343,380,78.12,75,23.15,
17,21393,319,57.64,80,23.05,
18,22216,92,21.32,85,23.37,
19,23930,396,85.28,90,23.58,
20,24854,115,23.18,95,22.94,
21,28740,57,16.93,100,23.91,
22,30289,89,21.05,105,23.37,
23,30476,352,66.89,110,23.05,
24,31548,51,15.86,115,23.15,
25,31877,242,41.58,120,23.48,
26,33239,243,41.74,125,23.15,
27,34189,207,35.26,130,23.15,
28,36145,62,17.75,135,23.15,
29,36159,96,21.67,140,23.15,
30,36879,99,21.91,145,23.37,
31,37531,56,16.76,150,22.94,
32,38166,179,30.55,155,23.15,
33,38730,76,19.69,160,23.26,
34,39048,81,20.25,165,23.37,
35,40200,77,19.81,170,23.15,
36,40896,216,36.85,175,23.15,
37,42539,96,21.67,180,23.05,
38,42697,255,43.96,185,23.15,
39,43241,302,53.30,190,23.48,
40,45171,88,20.96,195,23.15,
41,45539,384,80.08,200,23.37,
42,47311,56,16.76,205,23.48,
43,47664,167,28.76,210,23.15,
44,49961,152,26.78,215,23.15,
45,50271,743,466.23,220,23.48,
46,50357,220,37.58,225,23.15,
47,51176,92,21.32,230,23.48,
48,55880,115,23.18,235,23.15,
49,56232,504,143.61,240,23.58,
50,56652,96,21.67,245,23.37,
51,59245,76,19.69,250,23.15,
52,60390,121,23.66,255,23.26,
53,60643,332,61.17,260,23.15,
54,62023,57,16.93,265,23.69,
55,62069,176,30.09,270,23.15,
56,64401,366,72.41,275,23.37,
57,66531,227,38.83,280,23.15,
58,66996,527,155.96,285,23.15,
59,67630,71,19.06,290,23.48,
60,68613,355,68.30,295,22.94,
61,68751,193,32.84,300,23.37,
62,69383,63,17.91,305,23.15,
63,70198,60,17.43,310,23.15,
64,71012,339,62.98,315,23.69,
65,71446,94,21.50,320,23.48,
66,74144,231,39.55,325,23.15,
67,76170,176,30.09,330,23.15,
68,76576,300,52.79,335,23.69,
69,77305,56,16.76,340,23.05,
70,78298,67,18.51,345,23.37,
71,78519,51,15.86,350,23.69,
72,80714,460,119.54,355,23.15,
73,80869,90,21.14,360,23.15,
74,80991,207,35.26,365,23.15,
75,81076,304,53.73,370,23.58,
76,81140,515,147.53,375,23.15,
77,81933,194,33.00,380,23.48,
78,82320,157,27.40,385,22.72,
79,83926,47,15.10,390,23.48,
80,84201,76,19.69,395,23.15,
81,84260,455,117.03,400,23.26,
82,84510,99,21.91,405,23.58,
83,85978,89,21.05,410,23.15,
84,86467,60,17.43,415,23.15,
85,86473,254,43.77,420,23.26,
86,88227,67,18.51,425,23.37,
87,88515,99,21.91,430,23.37,
88,88859,82,20.36,435,23.37,
89,89334,56,16.76,440,23.15,
90,90852,67,18.51,445,23.15,
91,92091,224,38.29,450,23.15,
92,93158,224,38.29,455,23.15,
93,93383,59,17.27,460,23.15,
94,93619,423,97.36,465,23.37,
95,93719,156,27.28,470,23.15,
96,95266,88,20.96,475,23.37,
97,96035,565,179.87,480,23.69,
98,96243,207,35.26,485,22.94,
99,97230,71,19.06,490,23.37,
100,97689,79,20.03,495,23.37,
101,99486,92,21.32,500,23.37,
102,101775,112,22.94,505,23.15,
103,101933,153,26.90,510,23.48,
104,102710,209,35.61,515,23.15,
105,105649,159,27.66,520,22.94,
106,106003,76,19.69,525,23.26,
107,106457,271,46.93,530,23.80,
108,106693,62,17.75,535,23.37,
109,106710,248,42.69,540,23.48,
110,107168,147,26.19,546,23.37,
111,107828,527,155.96,551,22.94,
112,108558,246,42.30,557,22.94,
113,110665,48,15.29,562,23.37,
114,110788,287,50.23,567,23.26,
115,111089,112,22.94,572,23.37,
116,111477,113,23.02,577,23.05,
117,113159,281,48.90,582,23.37,
118,113819,281,48.90,587,23.48,
119,114565,263,45.37,592,23.15,
120,114592,224,38.29,597,23.15,
121,114880,159,27.66,602,22.94,
122,115009,291,50.97,607,23.37,
123,115131,300,52.79,612,23.15,
124,115443,99,21.91,617,22.94,
125,116353,419,97.20,622,23.15,
126,116376,371,73.82,627,23.15,
127,116804,71,19.06,632,23.15,
128,117562,133,24.73,637,23.15,
129,117576,441,109.77,643,23.15,
130,117594,304,53.73,648,23.37,
131,118068,120,23.58,654,23.58,
132,118118,254,43.77,659,23.15,
133,118487,93,21.41,664,23.15,
134,120449,126,24.09,669,23.69,
135,123978,92,21.32,674,23.37,
136,124379,62,17.75,679,23.15,
137,125004,255,43.96,684,23.15,
138,127366,179,30.55,689,23.80,
139,128028,67,18.51,694,22.94,
140,128392,211,35.96,699,23.37,
141,131449,63,17.91,704,23.15,
142,131562,115,23.18,709,23.58,
143,132107,252,43.42,714,23.15,
144,132577,344,64.67,719,23.37,
145,132954,112,22.94,724,23.15,
146,134068,174,29.79,729,23.37,
147,134456,82,20.36,734,23.15,
148,135016,52,16.04,739,23.37,
149,136645,92,21.32,744,23.37,
150,138147,51,15.86,749,23.48,
151,138262,273,47.25,754,23.15,
152,138909,152,26.78,759,23.15,
153,139316,63,17.91,764,23.37,
154,140608,307,54.48,769,23.15,
155,142201,56,16.76,774,23.37,
156,142641,83,20.46,779,23.15,
157,143443,88,20.96,784,23.26,
158,144450,113,23.02,789,23.15,
159,146507,70,18.93,794,23.15,
160,146771,98,21.83,799,23.37,
161,147388,62,17.75,804,23.15,
162,147740,81,20.25,809,23.26,
163,149161,49,15.48,814,23.05,
164,149238,240,41.21,819,23.37,
165,149666,63,17.91,824,23.15,
166,151018,60,17.43,829,23.15,
167,153084,60,17.43,834,23.15,
168,153989,211,35.96,839,23.15,
169,156012,147,26.19,844,23.37,
170,156381,210,35.78,849,23.15,
171,157112,77,19.81,854,23.15,
172,157470,71,19.06,859,23.15,
173,160104,352,66.89,864,23.15,
174,160262,271,46.93,869,23.48,
175,161796,127,24.18,874,23.37,
176,161859,70,18.93,879,23.37,
177,162156,108,22.63,884,23.15,
178,162205,312,55.68,889,23.80,
179,162221,77,19.81,894,23.37,
180,162556,254,43.77,899,23.15,
181,163274,397,85.55,904,23.15,
182,165847,53,16.22,909,23.15,
183,168327,88,20.96,914,23.15,
184,170012,109,22.70,919,23.15,
185,170939,339,62.98,924,23.48,
186,171596,335,61.77,929,23.15,
187,173158,105,22.39,934,23.15,
188,173587,120,23.58,939,23.48,
189,174871,67,18.51,944,23.15,
190,176670,249,42.85,949,23.37,
191,180752,448,112.41,954,23.69,
192,181254,236,40.44,959,23.15,
193,181593,261,45.09,964,23.37,
194,184536,51,15.86,970,23.15,
195,184942,201,34.22,975,23.48,
196,184982,227,38.83,980,23.15,
197,185522,399,87.30,985,23.15,
198,186294,124,23.92,990,23.15,
199,187682,335,61.77,995,23.15,
200,188677,217,37.04,1000,23.15,
201,189104,135,24.92,1005,23.15,
202,190573,71,19.06,1011,23.37,
203,190632,199,33.86,1016,23.58,
204,192658,102,22.15,1021,23.37,
205,193124,492,134.92,1026,23.15,
206,193402,307,54.48,1032,23.15,
207,195270,271,46.93,1037,23.05,
208,195373,176,30.09,1043,23.48,
209,195550,240,41.21,1048,23.37,
210,197273,271,46.93,1054,23.37,
211,197843,103,22.23,1060,23.58,
212,197879,60,17.43,1065,23.15,
213,198246,248,42.69,1071,23.48,
214,198842,355,68.30,1077,23.15,
215,200238,124,23.92,1082,23.15,
216,200797,121,23.66,1088,23.37,
217,201852,319,57.64,1094,23.15,
218,202675,329,59.91,1099,23.26,
219,203069,88,20.96,1104,23.48,
220,204367,83,20.46,1109,23.15,
221,205457,205,34.91,1114,23.15,
222,205574,248,42.69,1119,23.05,
223,206305,97,21.75,1125,23.15,
224,206839,63,17.91,1130,23.48,
225,207196,81,20.25,1136,23.15,
226,207893,192,32.67,1141,23.15,
227,209775,184,31.36,1146,23.15,
228,210976,312,55.68,1151,23.15,
229,211300,62,17.75,1156,23.58,
230,211392,254,43.77,1162,23.15,
231,212323,99,21.91,1167,22.94,
232,212974,96,21.67,1172,23.15,
233,213029,198,33.69,1177,23.15,
234,215113,51,15.86,1182,23.15,
235,215849,287,50.23,1187,23.26,
236,216656,88,20.96,1192,23.26,
237,216683,181,30.87,1197,23.48,
238,217385,98,21.83,1202,23.48,
239,218336,236,40.44,1207,23.15,
240,218377,131,24.54,1213,23.37,
241,221065,66,18.36,1219,23.58,
242,221277,159,27.66,1225,23.37,
243,221619,347,65.45,1230,23.15,
244,221862,295,51.75,1235,23.58,
245,222002,364,71.71,1240,23.80,
246,222179,71,19.06,1245,23.48,
247,222529,241,41.39,1250,23.15,
248,223217,56,16.76,1256,22.94,
249,225680,48,15.29,1261,23.15,
250,228514,254,43.77,1266,23.15,
251,228528,277,48.09,1271,23.37,
252,228705,103,22.23,1277,23.15,
253,229757,66,18.36,1282,23.37,
254,230755,110,22.78,1288,23.58,
255,231828,361,70.62,1293,23.15,
256,232609,287,50.23,1298,23.69,
257,232651,531,160.62,1303,23.48,
258,233052,176,30.09,1309,23.58,
259,235966,67,18.51,1314,23.15,
260,236081,76,19.69,1320,23.37,
261,236459,63,17.91,1325,23.15,
262,236891,57,16.93,1331,23.05,
263,236897,201,34.22,1336,23.69,
264,238040,352,66.89,1341,23.37,
265,239888,63,17.91,1346,23.15,
266,240785,83,20.46,1352,23.37,
267,241404,96,21.67,1357,23.26,
268,241636,316,56.81,1362,23.15,
269,241901,127,24.18,1367,23.37,
270,241953,56,16.76,1372,23.15,
271,242835,114,23.10,1377,23.58,
272,243431,65,18.22,1382,23.26,
273,244279,140,25.42,1388,23.37,
274,245374,88,20.96,1394,23.69,
275,246952,94,21.50,1399,23.15,
276,247980,63,17.91,1404,23.37,
277,248956,435,104.92,1410,23.37,
278,250824,51,15.86,1415,23.15,
279,251159,71,19.06,1420,23.15,
280,252459,71,19.06,1425,23.37,
281,252665,167,28.76,1430,23.37,
282,252924,300,52.79,1435,23.15,
283,255377,91,21.23,1440,23.05,
284,255800,105,22.39,1445,23.37,
285,256314,63,17.91,1450,23.37,
286,259346,110,22.78,1456,23.15,
287,259549,85,20.67,1461,23.48,
288,260129,126,24.09,1466,23.26,
289,260894,152,26.78,1472,23.37,
290,261540,572,183.73,1477,23.15,
291,262164,231,39.55,1482,23.37,
292,262656,243,41.74,1487,23.15,
293,264512,103,22.23,1493,23.58,
294,265037,89,21.05,1498,23.15,
295,266265,56,16.76,1503,23.37,
296,266513,236,40.44,1508,23.37,
297,266799,226,38.63,1514,23.15,
298,269684,76,19.69,1519,23.37,
299,269996,332,61.17,1524,23.15,
300,270163,130,24.45,1529,23.37,
301,271070,56,16.76,1535,23.26,
302,271350,71,19.06,1540,23.37,
303,271611,396,85.28,1545,23.15,
304,272033,89,21.05,1550,23.15,
305,272147,115,23.18,1555,22.94,
306,273846,73,19.32,1560,23.37,
307,274481,448,112.41,1565,23.15,
308,274782,114,23.10,1570,23.15,
309,275568,98,21.83,1575,23.15,
310,276687,146,26.08,1580,23.15,
311,276891,55,16.58,1585,23.15,
312,277790,357,68.97,1590,23.15,
313,279141,590,200.72,1595,23.15,
314,279345,92,21.32,1600,23.05,
315,280678,60,17.43,1605,23.15,
316,281403,131,24.54,1611,23.48,
317,283670,82,20.36,1617,23.37,
318,285521,352,66.89,1622,23.26,
319,286791,216,36.85,1627,23.37,
320,287291,287,50.23,1632,23.26,
321,288068,51,15.86,1637,23.15,
322,288881,248,42.69,1642,23.15,
323,290262,344,64.67,1648,23.15,
324,290999,103,22.23,1653,23.15,
325,292819,199,33.86,1658,23.15,
326,292828,63,17.91,1663,23.26,
327,292868,262,45.24,1669,23.05,
328,293142,193,32.84,1675,22.94,
329,294499,359,69.86,1680,23.05,
