Event,Ardn_time[ms],ADC[0-1023],SiPM[mV],Deadtime[ms],Temp[C],Name
1,5452,97,21.75,0,23.37,
2,5821,211,35.96,5,23.37,
3,6159,480,130.21,10,23.15,
4,7497,285,49.78,15,22.72,
5,7562,63,17.91,20,23.05,
6,8647,60,17.43,25,23.05,
7,9498,355,68.30,30,22.72,
8,10115,115,23.18,35,22.94,
9,12866,295,51.75,40,22.94,
10,13734,206,35.07,45,23.15,
11,13801,96,21.67,50,23.48,
12,13831,248,42.69,55,22.94,
13,14950,622,244.71,60,23.15,
14,16932,255,43.96,65,23.15,
15,17308,192,32.67,70,22.94,
16,18500,73,19.32,75,22.83,
17,19770,177,30.25,80,22.83,
18,20746,317,56.91,85,22.83,
19,23048,199,33.86,90,22.94,
20,23098,51,15.86,95,22.83,
21,23449,184,31.36,100,23.05,
22,24957,99,21.91,105,23.15,
23,25394,67,18.51,110,23.15,
24,25817,71,19.06,115,23.05,
25,27431,463,119.23,120,22.94,
26,29234,71,19.06,125,23.15,
27,30432,66,18.36,130,23.15,
28,30985,399,87.30,135,23.05,
29,31155,96,21.67,140,23.15,
30,31451,51,15.86,145,22.72,
31,31726,295,51.75,150,23.15,
32,32876,504,143.61,155,23.05,
33,34686,307,54.48,160,23.15,
34,36793,56,16.76,165,23.58,
35,37607,450,114.31,170,23.15,
36,37644,295,51.75,175,22.94,
37,37835,572,183.73,180,22.72,
38,38456,345,64.98,185,23.15,
39,38601,51,15.86,190,22.72,
40,39152,67,18.51,195,22.72,
41,40557,364,71.71,200,22.94,
42,41162,156,27.28,205,22.94,
43,41394,227,38.83,210,22.83,
44,42788,131,24.54,215,23.15,
45,42898,688,328.69,220,23.15,
46,43430,101,22.08,225,23.05,
47,43556,80,20.14,230,22.94,
48,45414,49,15.48,235,23.15,
49,45491,440,109.25,240,23.15,
50,46216,280,48.67,245,23.58,
51,47178,76,19.69,250,23.15,
52,48165,415,95.00,255,23.15,
53,48256,248,42.69,260,23.15,
54,51123,60,17.43,265,23.15,
55,52942,112,22.94,270,23.05,
56,53047,114,23.10,275,23.15,
57,57171,723,388.29,280,23.15,
58,57538,99,21.91,285,23.15,
59,60179,423,97.36,290,23.05,
60,63009,51,15.86,295,23.37,
61,63791,369,73.42,300,22.83,
62,64189,352,66.89,305,23.15,
63,65904,110,22.78,310,23.15,
64,66026,193,32.84,315,23.15,
65,70162,70,18.93,320,23.15,
66,70610,352,66.89,325,22.72,
67,72000,184,31.36,330,22.94,
68,73289,70,18.93,335,23.37,
69,73418,110,22.78,340,23.05,
70,75807,185,31.51,345,22.94,
71,76301,243,41.74,350,23.15,
72,76440,56,16.76,355,22.72,
73,78785,249,42.85,360,22.94,
74,79523,76,19.69,365,23.37,
75,79531,79,20.03,370,23.15,
76,82345,67,18.51,375,23.05,
77,82567,220,37.58,380,23.15,
78,84185,131,24.54,385,22.94,
79,84546,57,16.93,390,23.15,
80,86298,263,45.37,395,22.94,
81,87226,207,35.26,400,23.15,
82,87391,69,18.79,405,22.94,
83,89467,752,487.99,410,23.15,
84,90169,504,143.61,415,23.15,
85,90418,359,69.86,420,23.15,
86,90883,57,16.93,425,23.15,
87,90967,611,211.89,430,23.15,
88,93630,63,17.91,435,23.15,
89,93790,224,38.29,440,22.94,
90,94534,312,55.68,445,23.15,
91,98306,543,164.77,450,23.15,
92,98491,327,59.28,455,23.05,
93,100429,57,16.93,460,23.05,
94,101811,120,23.58,465,23.05,
95,102144,435,104.92,470,22.94,
96,102642,96,21.67,475,23.05,
97,104332,63,17.91,480,23.15,
98,104711,121,23.66,485,23.15,
99,104816,52,16.04,490,23.37,
100,105031,494,141.37,495,23.15,
101,105779,317,56.91,501,22.94,
102,105877,291,50.97,506,23.05,
103,108676,316,56.81,511,22.72,
104,108794,255,43.96,516,23.15,
105,109008,61,17.60,521,22.94,
106,109981,300,52.79,526,22.94,
107,111295,94,21.50,531,23.15,
108,111474,238,40.82,536,23.15,
109,111728,177,30.25,541,23.15,
110,113253,487,132.65,546,23.37,
111,113378,252,43.42,551,22.94,
112,113503,391,82.35,556,23.05,
113,115421,280,48.67,561,23.05,
114,116473,225,38.48,566,22.94,
115,119543,56,16.76,571,22.83,
116,119696,335,61.77,576,23.15,
117,121929,293,51.29,581,22.83,
118,122058,63,17.91,586,23.37,
119,122210,103,22.23,591,23.37,
120,122560,513,148.53,596,22.94,
121,123099,487,132.65,602,23.48,
122,123990,280,48.67,607,23.15,
123,125899,450,114.31,612,23.05,
124,126252,92,21.32,617,23.37,
125,126768,463,119.23,622,23.37,
126,127137,76,19.69,627,23.15,
127,129518,113,23.02,632,23.37,
128,130148,56,16.76,637,23.15,
129,131119,126,24.09,642,23.05,
130,131825,192,32.67,647,23.15,
131,133379,344,64.67,652,22.72,
132,133694,271,46.93,657,23.15,
133,133725,263,45.37,662,23.15,
134,136636,355,68.30,668,22.94,
135,136816,89,21.05,673,23.05,
136,138830,96,21.67,678,23.15,
137,139914,255,43.96,683,23.15,
138,140236,451,113.08,688,23.15,
139,141196,193,32.84,693,23.05,
140,142905,370,73.62,698,23.15,
141,143278,59,17.27,703,23.15,
142,143408,63,17.91,708,23.15,
143,144441,83,20.46,713,23.15,
144,148317,108,22.63,718,23.15,
145,151073,112,22.94,723,23.05,
146,151200,448,112.41,728,23.37,
147,151256,56,16.76,733,23.15,
148,154392,62,17.75,738,23.15,
149,155950,57,16.93,743,23.37,
150,157295,83,20.46,748,23.15,
151,157498,82,20.36,753,23.58,
152,157678,61,17.60,758,23.15,
153,158827,348,65.64,763,23.37,
154,159254,152,26.78,768,22.83,
155,159985,319,57.64,773,23.15,
156,160521,81,20.25,778,22.72,
157,160896,102,22.15,783,23.15,
158,161897,295,51.75,788,23.37,
159,162042,313,56.02,793,23.15,
160,162727,56,16.76,798,22.94,
161,162817,240,41.21,803,23.05,
162,163804,252,43.42,808,23.05,
163,165916,81,20.25,813,22.94,
164,166901,280,48.67,818,23.15,
165,166950,176,30.09,823,23.15,
166,168957,179,30.55,828,23.15,
167,169231,318,57.28,833,22.94,
168,169458,238,40.82,838,23.15,
169,173149,176,30.09,843,22.94,
170,173578,312,55.68,848,23.05,
171,173614,115,23.18,853,23.15,
172,173844,105,22.39,858,23.15,
173,174510,98,21.83,863,23.37,
174,175067,88,20.96,868,22.94,
175,175341,121,23.66,873,23.05,
176,175684,192,32.67,878,22.72,
177,176328,271,46.93,883,23.15,
178,177388,285,49.78,888,22.94,
179,178592,120,23.58,893,22.94,
180,178999,60,17.43,898,23.15,
181,180560,60,17.43,903,22.94,
182,181153,192,32.67,908,22.83,
183,181569,313,56.02,913,23.15,
184,181857,242,41.58,918,23.15,
185,182739,319,57.64,923,23.15,
186,183158,496,144.49,928,22.72,
187,184257,203,34.56,934,23.15,
188,184600,71,19.06,939,22.72,
189,185064,192,32.67,944,22.72,
190,186403,275,47.73,949,23.15,
191,188332,73,19.32,954,23.15,
192,190360,62,17.75,959,22.94,
193,192489,265,45.75,964,22.94,
194,192863,195,33.17,970,23.15,
195,193172,280,48.67,975,23.15,
196,195733,108,22.63,980,22.94,
197,196672,134,24.82,985,23.37,
198,197090,63,17.91,991,23.05,
199,198379,173,29.64,996,23.15,
200,199193,71,19.06,1001,22.94,
201,200423,67,18.51,1006,22.94,
202,200474,103,22.23,1012,23.15,
203,201242,96,21.67,1017,23.37,
204,202141,140,25.42,1022,23.37,
205,202596,248,42.69,1028,23.15,
206,203292,508,144.95,1034,22.83,
207,207710,88,20.96,1039,23.15,
208,209954,449,112.05,1044,22.94,
209,211133,51,15.86,1049,22.83,
210,211221,199,33.86,1054,23.15,
211,211653,99,21.91,1059,22.72,
212,212546,295,51.75,1064,22.94,
213,215303,176,30.09,1069,23.15,
214,217075,125,24.00,1074,22.94,
215,217769,415,95.00,1080,23.15,
216,218652,79,20.03,1085,22.83,
217,219820,313,56.02,1090,23.15,
218,220056,207,35.26,1095,23.37,
219,220826,188,32.01,1100,23.15,
220,220944,224,38.29,1105,22.94,
221,222202,66,18.36,1110,23.15,
222,224115,624,242.54,1116,23.05,
223,224600,49,15.48,1121,22.94,
224,224897,440,109.25,1126,23.05,
225,225696,108,22.63,1131,22.94,
226,225726,248,42.69,1136,23.05,
227,227260,618,215.06,1142,22.94,
228,228506,268,46.26,1147,23.15,
229,230999,135,24.92,1153,22.72,
230,231751,62,17.75,1159,23.15,
231,232269,68,18.65,1165,22.94,
232,233358,319,57.64,1171,23.37,
233,234272,71,19.06,1176,22.83,
234,234908,83,20.46,1181,23.15,
