Event,Ardn_time[ms],ADC[0-1023],SiPM[mV],Deadtime[ms],Temp[C],Name
1,2631,211,35.96,0,23.58,
2,4641,71,19.06,5,23.37,
3,6483,344,64.67,10,23.37,
4,8815,47,15.10,15,23.15,
5,8833,423,97.36,20,23.26,
6,9384,224,38.29,25,23.48,
7,9566,403,88.99,30,23.15,
8,10593,167,28.76,35,23.15,
9,11355,255,43.96,40,23.58,
10,11886,293,51.29,45,23.58,
11,13675,68,18.65,50,23.15,
12,14216,63,17.91,55,23.37,
13,14909,263,45.37,60,23.26,
14,15388,67,18.51,65,23.15,
15,16775,63,17.91,70,23.15,
16,17638,240,41.21,75,23.05,
17,20279,111,22.86,80,23.37,
18,20599,399,87.30,85,23.37,
19,22068,271,46.93,90,23.15,
20,22449,49,15.48,95,23.15,
21,23052,280,48.67,100,23.15,
22,23886,100,22.00,105,23.15,
23,25666,120,23.58,110,23.48,
24,30141,87,20.86,115,23.15,
25,30797,92,21.32,120,23.15,
26,31356,63,17.91,125,23.15,
27,32592,56,16.76,130,23.37,
28,32778,227,38.83,135,23.48,
29,33119,143,25.74,140,23.37,
30,35799,204,34.73,145,23.48,
31,35876,119,23.50,150,23.15,
32,35906,217,37.04,155,23.15,
33,37302,115,23.18,160,23.48,
34,37608,271,46.93,165,23.15,
35,38689,403,88.99,170,23.48,
36,39109,185,31.51,175,23.15,
37,39121,295,51.75,180,23.37,
38,40374,75,19.57,185,23.15,
