Event,Ardn_time[ms],ADC[0-1023],SiPM[mV],Deadtime[ms],Temp[C],Name
1,2579,241,41.39,0,22.51,
2,2906,560,175.34,5,22.62,
3,3217,103,22.23,10,22.40,
4,4044,60,17.43,15,22.94,
5,5191,344,64.67,20,22.51,
6,7792,105,22.39,25,22.62,
7,8953,47,15.10,30,22.40,
8,11086,361,70.62,35,22.72,
9,11851,252,43.42,40,22.94,
10,13433,275,47.73,45,22.72,
11,13476,192,32.67,50,22.51,
12,14301,224,38.29,55,22.29,
13,14321,50,15.67,60,22.51,
14,15912,143,25.74,65,22.51,
15,16175,51,15.86,70,22.72,
16,17806,248,42.69,75,22.29,
17,17827,287,50.23,80,22.62,
18,19121,284,49.41,85,22.62,
19,19611,66,18.36,90,22.62,
20,20663,56,16.76,95,22.62,
21,21652,78,19.92,100,22.51,
22,22499,423,97.36,105,22.51,
23,22740,233,39.92,110,22.62,
24,26742,430,101.41,115,22.62,
25,26991,179,30.55,120,22.62,
26,26998,143,25.74,125,22.83,
27,27005,60,17.43,130,22.72,
28,28171,216,36.85,146,22.40,
29,28199,71,19.06,151,22.51,
30,29436,312,55.68,156,22.72,
31,29764,83,20.46,161,22.62,
32,30479,241,41.39,166,22.72,
33,31855,212,36.14,171,22.83,
34,32266,78,19.92,176,22.94,
35,32374,371,73.82,181,22.83,
36,32931,483,132.60,186,22.72,
37,33218,244,41.94,191,22.51,
38,33658,248,42.69,196,22.83,
39,34449,83,20.46,201,22.51,
40,35601,69,18.79,206,22.62,
41,35789,83,20.46,211,22.29,
42,35879,253,43.55,216,22.29,
43,37792,275,47.73,221,22.51,
44,38571,505,145.23,226,22.51,
45,40351,380,78.12,231,22.51,
46,41022,117,23.34,236,22.40,
47,41096,195,33.17,241,22.94,
48,41765,51,15.86,246,22.83,
49,43366,415,95.00,251,22.62,
50,44863,63,17.91,256,22.62,
51,44990,96,21.67,261,22.62,
52,45049,124,23.92,266,22.83,
53,45057,56,16.76,271,22.51,
54,46444,300,52.79,276,22.51,
55,46635,224,38.29,281,22.51,
56,46680,73,19.32,286,22.40,
57,46820,255,43.96,291,22.51,
58,47152,243,41.74,296,22.40,
59,48393,527,155.96,301,22.40,
60,48450,56,16.76,306,22.40,
61,49163,295,51.75,311,22.51,
62,50999,58,17.10,316,22.83,
63,51661,81,20.25,321,22.40,
64,52174,319,57.64,326,22.40,
65,53399,231,39.55,331,22.62,
66,54955,300,52.79,336,22.83,
67,58575,344,64.67,341,22.51,
68,59179,335,61.77,346,22.40,
69,59266,113,23.02,351,22.51,
70,62601,255,43.96,356,22.40,
71,63633,285,49.78,361,22.40,
72,63768,60,17.43,366,22.72,
73,64165,89,21.05,371,22.72,
74,64495,177,30.25,376,22.51,
75,66874,318,57.28,381,22.72,
76,68303,78,19.92,386,22.83,
77,68347,432,101.61,391,22.62,
78,68628,57,16.93,396,22.94,
79,69288,83,20.46,401,22.62,
80,69552,127,24.18,406,22.40,
81,69733,57,16.93,411,22.29,
82,70034,156,27.28,416,22.72,
83,70113,551,164.56,421,22.72,
84,70188,275,47.73,426,22.51,
85,70715,222,37.96,431,22.72,
86,70926,63,17.91,436,22.83,
87,71047,108,22.63,441,22.40,
88,71420,359,69.86,446,22.62,
89,71778,67,18.51,451,22.62,
90,71859,67,18.51,456,22.62,
91,71932,487,132.65,461,22.29,
92,72730,435,104.92,466,22.40,
93,73315,135,24.92,471,22.72,
94,73415,75,19.57,476,22.29,
95,73895,49,15.48,481,22.72,
96,76916,399,87.30,486,22.40,
97,78135,135,24.92,492,22.29,
98,78601,64,18.06,497,22.51,
99,79106,124,23.92,502,22.51,
100,81036,52,16.04,507,22.83,
101,81080,120,23.58,512,22.29,
102,83604,448,112.41,517,22.83,
103,83781,135,24.92,522,22.72,
104,84509,167,28.76,527,22.51,
105,84817,396,85.28,532,22.62,
106,85632,397,85.55,537,22.62,
107,85671,49,15.48,542,22.51,
108,86457,241,41.39,547,22.62,
109,86662,249,42.85,552,22.94,
110,88202,67,18.51,557,22.40,
111,89366,94,21.50,562,22.72,
112,89378,387,81.05,567,22.40,
113,89749,56,16.76,572,22.62,
114,90536,300,52.79,577,22.40,
115,91084,334,61.44,582,22.51,
116,92647,287,50.23,587,22.40,
117,93585,161,27.93,592,22.40,
118,94930,224,38.29,597,22.72,
119,95480,259,44.69,602,22.62,
120,95494,142,25.64,607,22.72,
121,97895,302,53.30,612,22.72,
122,98091,57,16.93,617,22.40,
123,98380,231,39.55,622,22.62,
124,100014,713,333.08,627,22.62,
125,100808,60,17.43,632,22.62,
126,101163,57,16.93,637,22.51,
127,101242,51,15.86,642,22.72,
128,101379,92,21.32,647,22.83,
129,102141,210,35.78,652,22.83,
130,102943,120,23.58,657,22.62,
131,103383,51,15.86,662,22.29,
132,103544,78,19.92,667,22.51,
133,104976,332,61.17,673,22.40,
134,105834,79,20.03,678,22.29,
135,106770,63,17.91,683,22.94,
136,107751,345,64.98,688,22.51,
137,109310,56,16.76,693,22.72,
138,110000,327,59.28,698,22.51,
139,110398,249,42.85,703,22.62,
140,111218,167,28.76,708,22.51,
