Event,Ardn_time[ms],ADC[0-1023],SiPM[mV],Deadtime[ms],Temp[C],Name
1,2503,284,49.41,0,22.83,
2,4339,67,18.51,5,22.62,
3,5221,48,15.29,10,22.72,
4,6203,403,88.99,15,22.94,
5,7327,451,113.08,20,23.15,
6,9162,97,21.75,25,22.72,
7,9804,49,15.48,30,23.05,
8,10468,376,76.43,35,22.62,
9,10626,92,21.32,40,23.15,
10,10640,71,19.06,45,22.72,
11,10872,432,101.61,50,22.51,
12,11252,199,33.86,55,22.94,
13,11748,268,46.26,60,23.05,
14,11854,50,15.67,65,22.94,
15,12046,275,47.73,70,22.94,
16,12937,127,24.18,75,22.62,
17,13277,633,241.23,80,22.94,
18,13976,330,60.13,85,22.62,
19,14558,71,19.06,90,23.37,
20,15524,96,21.67,95,22.94,
21,15666,78,19.92,100,22.72,
22,15713,110,22.78,105,23.15,
23,15794,317,56.91,110,22.83,
24,15973,99,21.91,115,23.05,
25,16399,263,45.37,120,22.83,
26,17060,79,20.03,125,22.94,
27,21033,335,61.77,130,22.83,
28,21163,63,17.91,135,22.83,
29,21466,391,82.35,140,22.94,
30,21854,92,21.32,145,22.94,
31,23344,102,22.15,150,23.15,
32,23361,49,15.48,155,22.94,
33,25561,59,17.27,160,22.94,
34,25820,366,72.41,165,22.72,
35,27756,236,40.44,170,22.94,
36,30030,280,48.67,175,22.72,
37,30797,172,29.49,180,22.72,
38,30965,88,20.96,185,22.62,
39,31074,255,43.96,190,23.05,
40,33235,57,16.93,195,22.72,
41,33377,345,64.98,200,23.05,
42,34041,287,50.23,205,23.15,
43,34416,60,17.43,210,22.83,
44,35840,120,23.58,215,22.83,
45,38598,287,50.23,220,22.83,
46,39889,224,38.29,225,23.15,
47,44650,102,22.15,230,23.15,
48,44945,76,19.69,235,22.83,
49,49368,63,17.91,240,22.72,
50,49517,85,20.67,245,22.72,
51,49729,127,24.18,250,22.62,
52,51690,384,80.08,255,22.83,
53,51824,281,48.90,260,22.94,
54,52083,415,95.00,265,22.72,
55,52898,263,45.37,270,22.94,
56,53447,255,43.96,275,23.15,
57,53552,135,24.92,280,23.15,
58,53764,327,59.28,285,22.62,
59,53797,159,27.66,290,22.83,
60,55653,280,48.67,295,22.94,
61,56864,199,33.86,300,22.72,
62,57321,304,53.73,305,22.83,
63,57954,444,109.09,310,23.15,
64,59029,140,25.42,315,22.94,
65,59600,50,15.67,320,22.94,
66,61074,185,31.51,325,22.62,
67,62479,583,201.26,330,22.83,
68,62647,332,61.17,335,22.72,
69,66254,280,48.67,340,22.72,
70,66374,98,21.83,345,22.62,
71,68226,508,144.95,350,23.05,
72,68412,352,66.89,355,22.83,
73,69392,487,132.65,360,22.51,
74,70160,614,229.43,365,23.15,
75,70263,287,50.23,370,23.05,
76,70489,207,35.26,375,22.62,
77,71343,124,23.92,380,22.94,
78,72457,295,51.75,385,22.83,
79,73331,668,291.28,390,23.05,
80,74612,352,66.89,395,23.05,
81,77630,306,54.23,400,23.15,
82,79393,387,81.05,405,23.15,
83,79486,572,183.73,410,22.72,
84,80838,79,20.03,415,22.94,
85,81060,57,16.93,420,22.72,
86,81786,284,49.41,425,23.15,
87,85667,54,16.41,430,23.15,
88,85894,76,19.69,435,23.05,
89,86500,98,21.83,440,23.15,
90,86861,48,15.29,445,22.62,
91,87114,61,17.60,450,22.62,
92,87243,563,181.65,455,22.94,
93,87332,143,25.74,460,22.94,
94,87456,492,134.92,465,22.83,
95,87563,103,22.23,470,22.51,
96,88168,174,29.79,475,22.94,
97,89057,197,33.52,480,22.72,
98,90691,281,48.90,485,22.62,
99,92470,101,22.08,490,22.83,
100,92576,261,45.09,495,22.94,
101,95483,236,40.44,501,23.15,
102,96006,120,23.58,506,23.05,
103,96289,269,46.58,511,22.62,
104,97006,204,34.73,516,22.94,
105,97305,67,18.51,521,22.83,
106,98795,348,65.64,526,22.72,
107,100834,51,15.86,531,22.72,
108,104487,71,19.06,536,23.15,
109,105379,369,73.42,541,22.62,
110,105643,275,47.73,546,22.72,
111,105820,348,65.64,551,22.72,
112,105936,366,72.41,556,23.05,
113,107129,334,61.44,561,23.05,
114,108453,352,66.89,566,23.15,
115,108889,63,17.91,571,22.94,
116,109588,415,95.00,576,23.15,
117,110143,88,20.96,581,22.83,
118,110605,105,22.39,586,23.15,
119,111054,236,40.44,591,22.83,
120,111834,435,104.92,596,22.72,
121,112090,140,25.42,601,23.15,
122,112177,60,17.43,606,22.94,
123,112221,403,88.99,611,22.72,
124,112474,112,22.94,616,22.72,
125,113318,66,18.36,621,22.94,
126,113945,105,22.39,627,22.83,
127,114543,56,16.76,632,22.62,
128,115426,114,23.10,637,22.94,
129,115828,271,46.93,642,22.94,
130,116225,353,67.64,647,22.83,
131,117373,49,15.48,652,22.62,
132,117468,176,30.09,657,22.72,
133,117633,57,16.93,662,22.72,
134,117795,337,62.30,667,22.62,
135,118379,332,61.17,672,22.72,
136,119452,342,64.07,677,22.72,
137,119539,56,16.76,682,22.94,
138,120204,57,16.93,687,22.83,
139,120777,120,23.58,692,22.94,
140,122688,305,53.88,697,23.05,
141,123842,126,24.09,702,22.72,
142,123874,103,22.23,707,22.72,
143,124127,88,20.96,712,22.83,
144,124417,216,36.85,717,22.94,
145,125886,201,34.22,722,22.83,
146,125926,192,32.67,727,23.05,
147,126124,124,23.92,732,23.15,
148,126269,85,20.67,737,23.15,
149,126490,119,23.50,742,22.83,
150,126637,209,35.61,747,22.83,
151,128135,52,16.04,752,23.15,
152,128695,63,17.91,757,22.94,
153,128834,69,18.79,762,22.94,
154,129104,85,20.67,767,23.15,
155,130164,270,46.71,772,22.83,
156,131430,319,57.64,777,22.72,
157,132112,51,15.86,782,23.05,
158,132952,115,23.18,787,22.72,
159,133056,121,23.66,792,23.15,
160,135149,124,23.92,797,22.94,
161,135671,263,45.37,802,22.72,
162,135968,206,35.07,808,22.94,
163,136843,71,19.06,813,22.72,
164,137667,240,41.21,818,23.05,
165,139358,241,41.39,823,22.94,
166,142381,319,57.64,828,22.72,
167,142947,243,41.74,833,22.62,
168,143736,371,73.82,838,22.83,
169,146280,496,144.49,843,22.94,
170,146803,240,41.21,849,22.94,
171,149307,227,38.83,854,23.05,
172,150083,387,81.05,859,23.15,
173,151332,59,17.27,864,22.72,
174,151358,467,121.56,869,23.05,
175,152648,71,19.06,874,23.15,
176,154381,125,24.00,879,22.83,
177,156598,114,23.10,884,23.05,
178,159895,255,43.96,889,23.15,
179,160285,408,90.57,894,23.05,
180,161190,89,21.05,899,22.83,
181,161827,83,20.46,904,22.72,
182,162254,415,95.00,909,22.83,
183,163142,223,38.11,914,23.15,
184,164519,339,62.98,919,22.83,
185,164807,222,37.96,924,23.15,
186,166324,51,15.86,929,23.15,
187,167948,97,21.75,934,23.15,
