Event,Ardn_time[ms],ADC[0-1023],SiPM[mV],Deadtime[ms],Temp[C],Name
1,3422,199,33.86,0,22.83,
2,3463,270,46.71,5,22.83,
3,3935,76,19.69,10,23.15,
4,4484,61,17.60,15,22.72,
5,5924,204,34.73,20,23.15,
6,9970,287,50.23,25,23.15,
7,11606,140,25.42,30,23.37,
8,12465,268,46.26,35,23.15,
9,13661,47,15.10,40,22.83,
10,13814,415,95.00,45,22.83,
11,14265,79,20.03,50,22.94,
12,14590,519,154.30,55,22.94,
13,14635,273,47.25,60,23.15,
14,15105,536,160.18,65,23.15,
15,15407,56,16.76,70,23.15,
16,15907,61,17.60,75,22.72,
17,16592,307,54.48,80,22.94,
18,17816,115,23.18,85,22.83,
19,19089,313,56.02,90,22.83,
20,21691,51,15.86,95,23.15,
21,23075,120,23.58,100,22.83,
22,23236,540,166.11,105,23.15,
23,24929,199,33.86,110,23.15,
24,25577,61,17.60,115,23.15,
25,25586,63,17.91,120,22.72,
26,25899,60,17.43,125,23.15,
27,29005,71,19.06,130,23.15,
28,29376,59,17.27,135,22.62,
29,30740,211,35.96,140,23.15,
30,31060,78,19.92,145,23.15,
31,32884,83,20.46,150,23.15,
32,33981,62,17.75,155,23.05,
33,36582,59,17.27,160,22.72,
34,37502,140,25.42,165,23.15,
35,40224,217,37.04,170,23.05,
36,41216,496,144.49,175,23.15,
37,44025,229,39.22,180,22.94,
38,44672,199,33.86,185,22.94,
39,44914,339,62.98,190,22.72,
40,47027,112,22.94,195,22.94,
41,50243,146,26.08,200,23.15,
42,51055,133,24.73,205,22.94,
43,51497,307,54.48,210,22.72,
44,53121,463,119.23,215,23.15,
45,53829,318,57.28,220,22.94,
46,54443,227,38.83,225,23.15,
47,54848,184,31.36,230,23.15,
48,54915,101,22.08,235,23.15,
49,56579,736,412.77,240,23.15,
50,57212,387,81.05,245,23.05,
51,60220,121,23.66,250,23.15,
52,61461,97,21.75,255,22.83,
53,61721,103,22.23,260,23.05,
54,62899,61,17.60,265,22.83,
55,64502,56,16.76,270,23.15,
56,65115,287,50.23,275,23.15,
57,65220,63,17.91,280,23.15,
58,66349,56,16.76,285,22.72,
59,66785,60,17.43,290,23.15,
60,68572,419,97.20,295,22.94,
61,68579,127,24.18,300,22.72,
62,69406,398,85.63,305,23.15,
63,71939,112,22.94,310,22.94,
64,72541,83,20.46,315,22.94,
65,73096,297,52.13,320,22.83,
66,73122,71,19.06,325,22.94,
67,73686,179,30.55,330,23.15,
68,73922,172,29.49,335,23.15,
69,74589,88,20.96,340,23.15,
70,75062,350,66.46,345,23.15,
71,75385,62,17.75,350,23.15,
72,76271,287,50.23,355,23.15,
73,76597,125,24.00,360,23.15,
74,77179,135,24.92,365,23.15,
75,77615,97,21.75,370,22.83,
76,78843,205,34.91,375,23.15,
77,78906,252,43.42,380,22.72,
78,81245,51,15.86,385,22.83,
79,83750,56,16.76,390,22.94,
80,83913,135,24.92,395,22.72,
81,84185,334,61.44,400,22.94,
82,85103,56,16.76,405,23.15,
83,85999,91,21.23,410,22.72,
84,86790,451,113.08,415,22.72,
85,87952,255,43.96,420,22.72,
86,88129,89,21.05,425,22.94,
87,88162,184,31.36,430,22.62,
88,88178,88,20.96,435,22.72,
89,88696,295,51.75,440,23.15,
90,89709,192,32.67,445,22.94,
91,89918,68,18.65,450,23.05,
92,90557,152,26.78,455,22.83,
93,93181,112,22.94,460,22.83,
94,93255,205,34.91,465,22.62,
95,94431,338,62.67,470,22.72,
96,95448,103,22.23,475,23.05,
97,95625,280,48.67,480,23.15,
98,95900,56,16.76,485,23.15,
99,97701,313,56.02,490,22.72,
100,98432,71,19.06,495,22.72,
101,98568,335,61.77,500,22.94,
102,99506,176,30.09,505,22.72,
103,99676,312,55.68,510,23.15,
104,100039,224,38.29,515,22.94,
105,100546,313,56.02,520,22.72,
106,101704,103,22.23,525,23.15,
107,102145,94,21.50,530,23.37,
108,102963,61,17.60,535,22.62,
109,105793,455,117.03,540,23.15,
110,106259,199,33.86,545,23.15,
111,106756,153,26.90,550,22.72,
112,107035,89,21.05,555,22.72,
113,109294,62,17.75,560,23.15,
114,111190,318,57.28,565,23.05,
115,111757,83,20.46,570,23.05,
116,112344,98,21.83,575,23.15,
117,112894,63,17.91,580,23.15,
118,113707,224,38.29,585,22.83,
119,113747,149,26.42,590,22.94,
120,114558,512,144.44,595,23.05,
121,115697,345,64.98,600,22.94,
122,116562,60,17.43,605,23.05,
123,117669,476,129.76,610,23.05,
124,118496,483,132.60,615,22.94,
125,119854,56,16.76,620,23.15,
126,120821,78,19.92,625,22.72,
127,121005,231,39.55,630,23.15,
128,122594,350,66.46,635,22.72,
129,126385,92,21.32,640,23.37,
130,126671,368,72.93,645,22.94,
131,127019,92,21.32,650,23.15,
132,127419,307,54.48,655,22.94,
133,128902,71,19.06,660,23.05,
134,129689,51,16.76,665,22.94,
135,135686,254,43.77,670,23.15,
136,135756,98,21.83,675,22.94,
137,136404,103,22.23,680,23.15,
138,136898,115,23.18,685,23.15,
139,137883,263,45.37,690,22.94,
140,139219,352,66.89,696,23.05,
141,139955,332,61.17,701,23.05,
142,141505,98,21.83,706,23.15,
143,141576,455,117.03,711,22.94,
144,145584,112,22.94,716,23.15,
145,146042,56,16.76,721,23.05,
146,146103,98,21.83,726,23.15,
147,146823,307,54.48,731,22.94,
148,147415,71,19.06,736,22.94,
149,147614,142,25.64,741,23.15,
150,147624,364,71.71,746,22.94,
151,147961,112,22.94,751,22.72,
152,148442,287,50.23,756,22.72,
153,149441,56,16.76,761,23.15,
154,150583,70,18.93,766,22.83,
155,151094,67,18.51,771,23.15,
156,151414,235,40.29,776,22.72,
157,153578,70,18.93,781,22.94,
158,153944,229,39.22,786,22.83,
159,155429,870,765.05,791,22.94,
160,156915,252,43.42,796,23.15,
161,157521,81,20.25,801,23.15,
162,157592,271,46.93,806,22.94,
163,158855,556,174.47,811,23.15,
164,159405,70,18.93,816,23.15,
165,160417,88,20.96,821,22.94,
166,160734,59,17.27,826,22.94,
167,160742,141,25.53,831,22.72,
168,163537,297,52.13,836,22.62,
169,163827,135,24.92,841,22.72,
170,164578,423,97.36,846,23.05,
171,164741,127,24.18,851,23.15,