Event,Ardn_time[ms],ADC[0-1023],SiPM[mV],Deadtime[ms],Temp[C],Name
1,3164,129,24.35,0,21.97,
2,3244,103,22.23,5,22.08,
3,3735,99,21.91,10,21.87,
4,4832,273,47.25,15,21.97,
5,5590,121,23.66,20,21.76,
6,7689,57,16.93,25,22.19,
7,10083,127,24.18,30,21.65,
8,10711,127,24.18,35,21.87,
9,12007,175,29.94,40,21.76,
10,12172,92,21.32,45,21.76,
11,12655,481,129.57,50,21.87,
12,12887,307,54.48,55,21.87,
13,14008,78,19.92,60,21.87,
14,15333,387,81.05,65,22.19,
15,16809,67,18.51,70,21.76,
16,18845,71,19.06,75,21.97,
17,19948,243,41.74,80,21.97,
18,21501,319,57.64,85,21.97,
19,21596,409,91.12,90,21.97,
20,21706,71,19.06,95,21.97,
21,22902,152,26.78,100,21.87,
