Event,Ardn_time[ms],ADC[0-1023],SiPM[mV],Deadtime[ms],Temp[C],Name
1,2869,71,19.06,0,22.29,
2,3356,204,34.73,5,22.29,
3,3551,319,57.64,10,22.40,
4,3981,216,36.85,15,22.83,
5,4102,230,39.39,20,22.72,
6,4900,337,62.30,25,22.51,
7,5223,181,30.87,30,22.51,
8,6275,112,22.94,35,22.94,
9,6524,361,70.62,40,22.29,
10,8259,233,39.92,45,22.51,
11,10771,169,29.05,50,22.29,
12,11205,248,42.69,55,22.51,
13,12034,179,30.55,60,22.29,
14,12793,217,37.04,65,22.51,
15,13403,355,68.30,70,22.19,
16,14025,281,48.90,75,22.62,
17,14562,287,50.23,80,22.29,
18,15632,71,19.06,85,22.40,
19,15716,263,45.37,90,22.29,
20,16972,62,17.75,95,22.40,
21,17086,56,16.76,100,22.51,
22,17149,71,19.06,105,22.40,
23,17440,102,22.15,110,22.51,
24,17716,63,17.91,115,22.29,
25,20998,152,26.78,120,22.62,
26,21798,213,36.33,125,22.51,
27,22426,76,19.69,130,22.40,
28,23525,65,18.22,135,22.40,
29,23695,184,31.36,140,22.51,
30,25073,103,22.23,145,22.51,
31,25956,63,17.91,150,22.51,
32,25986,194,33.00,155,22.19,
33,26201,167,28.76,160,22.40,
34,26660,56,16.76,165,22.40,
35,27660,304,53.73,170,22.62,
36,28703,231,39.55,175,22.51,
37,28742,284,49.41,180,22.29,
38,29057,127,24.18,185,22.72,
39,30292,505,145.23,190,22.29,
40,31085,159,27.66,195,22.51,
41,32947,192,32.67,200,22.62,
42,33402,287,50.23,205,22.19,
43,33635,271,46.93,210,22.72,
44,34001,376,76.43,215,22.51,
45,34702,79,20.03,220,22.40,
46,36226,177,30.25,225,22.51,
47,36740,249,42.85,230,22.29,
48,37319,63,17.91,235,22.29,
49,38294,476,129.76,240,22.51,
50,38768,56,16.76,245,22.72,
51,39778,505,145.23,250,22.29,
52,39812,131,24.54,255,22.72,
53,40581,307,54.48,260,22.62,
54,42330,273,47.25,265,22.29,
55,43324,243,41.74,270,22.72,
56,43823,57,16.93,275,22.29,
57,44006,156,27.28,280,22.19,
58,44183,92,21.32,285,22.29,
59,44217,109,22.70,290,22.40,
60,44468,127,24.18,295,22.62,
61,46022,60,17.43,300,22.40,
62,46486,91,21.23,305,22.40,
63,47674,497,142.37,310,22.29,
64,48950,229,39.22,315,22.40,
65,50439,348,65.64,320,22.40,
66,50907,67,18.51,325,22.40,
67,52026,79,20.03,330,22.29,
68,54118,284,49.41,335,22.51,
69,54563,71,19.06,340,22.40,
70,55766,371,73.82,345,22.40,
71,55913,304,53.73,350,22.40,
72,55927,56,16.76,355,22.51,
73,56966,51,15.86,360,22.51,
74,57160,300,52.79,365,22.40,
75,59722,96,21.67,370,22.62,
76,59831,192,32.67,375,22.51,
77,59931,316,56.81,380,22.40,
78,60764,266,46.00,385,22.62,
79,61245,199,33.86,390,22.19,
80,63237,56,16.76,395,22.19,
81,64412,89,21.05,400,22.40,
82,65477,135,24.92,405,22.40,
83,65661,78,19.92,410,22.40,
84,66235,243,41.74,415,22.29,
85,66405,271,46.93,420,22.62,
86,66415,287,50.23,425,22.40,
87,67205,217,37.04,430,22.29,
88,67913,88,20.96,435,22.29,
89,68067,114,23.10,440,22.62,
90,69104,327,59.28,445,22.29,
91,70533,297,52.13,450,22.51,
92,71824,304,53.73,455,22.51,
93,72144,508,144.95,460,22.29,
94,72727,455,117.03,465,22.40,
95,74010,318,57.28,470,22.62,
96,74127,82,20.36,475,22.51,
97,74485,287,50.23,480,22.40,
98,75636,76,19.69,485,22.40,
99,75982,63,17.91,490,22.51,
100,76190,153,26.90,495,22.40,
101,78476,294,51.51,500,22.40,
102,78628,385,80.11,505,22.29,
103,78736,204,34.73,510,22.83,
104,80015,83,20.46,515,22.51,
105,80092,240,41.21,520,22.51,
106,80225,380,78.12,525,22.29,
107,82594,98,21.83,530,22.40,
108,83633,526,158.17,535,22.29,
109,85175,263,45.37,540,22.29,
110,85195,176,30.09,545,22.51,
111,87820,99,21.91,550,22.51,
112,88930,280,48.67,555,22.40,
113,90134,230,39.39,560,22.29,
114,90900,419,97.20,565,22.40,
115,91353,117,23.34,570,22.51,
116,91361,66,18.36,575,22.72,
117,91491,352,66.89,581,22.51,
118,91835,430,101.41,586,22.62,
119,91894,56,16.76,591,22.40,
120,92275,440,109.25,596,22.40,
121,93276,167,28.76,601,22.62,
122,94154,590,200.72,606,22.40,
123,98176,192,32.67,611,22.29,
124,100405,248,42.69,616,22.40,
125,100882,159,27.66,621,22.51,
126,101616,63,17.91,626,22.29,
127,101652,291,50.97,631,22.40,
128,101690,303,53.47,636,22.29,
129,102384,231,39.55,641,22.51,
130,102504,199,33.86,646,22.62,
131,103540,275,47.73,651,22.40,
132,105006,432,101.61,656,22.29,
133,106396,69,18.79,661,22.51,
134,106488,334,61.44,666,22.29,
135,106732,195,33.17,671,22.83,
136,110738,399,87.30,676,22.29,
137,110802,227,38.83,681,22.51,
138,110823,177,30.25,686,22.40,
139,112359,255,43.96,691,22.29,
