Event,Ardn_time[ms],ADC[0-1023],SiPM[mV],Deadtime[ms],Temp[C],Name
1,2717,224,38.29,0,22.29,
2,3096,113,23.02,5,22.51,
3,4687,88,20.96,10,22.40,
4,8339,63,17.91,15,22.19,
5,8503,63,17.91,20,22.51,
6,9157,195,33.17,25,22.40,
7,12099,192,32.67,30,22.29,
8,12884,487,132.65,35,22.40,
9,13382,265,45.75,40,22.19,
10,17244,70,18.93,45,22.19,
11,18162,113,23.02,50,22.51,
12,18200,206,35.07,55,22.51,
13,18509,312,55.68,60,22.40,
14,19739,51,15.86,65,22.19,
15,20581,448,112.41,70,22.51,
16,21147,327,59.28,75,22.19,
17,21230,192,32.67,80,22.51,
18,21863,89,21.05,85,22.19,
19,21896,280,48.67,90,22.19,
20,24005,121,23.66,95,22.29,
21,25022,57,16.93,100,22.19,
22,25190,63,17.91,105,22.29,
23,25650,112,22.94,110,22.29,
24,26930,209,35.61,115,22.19,
25,27260,185,31.51,120,22.29,
26,28241,226,38.63,125,22.40,
27,28794,81,20.25,130,22.29,
28,30971,151,26.66,135,22.29,
29,31035,69,18.79,140,22.29,
30,32670,96,21.67,145,22.40,
31,32983,139,25.32,150,22.19,
32,33062,391,82.35,155,22.40,
33,34459,248,42.69,160,22.29,
34,34512,521,150.31,165,22.51,
35,36012,51,15.86,170,22.40,
36,36547,56,16.76,175,22.40,
37,36798,48,15.29,180,22.40,
38,36883,106,22.47,185,22.29,
39,38443,312,55.68,190,22.19,
40,39628,319,57.64,195,22.19,
41,39979,78,19.92,200,22.40,
42,41735,419,97.20,205,22.29,
43,41769,103,22.23,210,22.29,
44,42019,225,38.48,215,22.29,
45,42425,63,17.91,220,22.40,
46,43708,112,22.94,225,22.19,
47,43885,115,23.18,230,22.40,
48,43940,63,17.91,235,22.29,
49,44601,88,20.96,240,22.62,
50,45223,472,125.87,245,22.19,
51,45750,231,39.55,250,22.19,
52,46208,391,82.35,255,22.51,
53,48747,62,17.75,260,22.19,
54,49238,56,16.76,265,22.19,
55,49610,415,95.00,270,22.29,
