Event,Ardn_time[ms],ADC[0-1023],SiPM[mV],Deadtime[ms],Temp[C],Name
1,3505,307,54.48,0,23.48,
2,3946,49,15.48,5,23.37,
3,4887,536,160.18,10,23.37,
4,6646,73,19.32,15,23.37,
5,7281,307,54.48,20,23.58,
6,7336,147,26.19,25,23.48,
7,7357,211,35.96,30,23.15,
8,11043,295,51.75,35,23.69,
9,12076,157,27.40,40,23.37,
10,12514,195,33.17,45,23.37,
11,13658,97,21.75,50,22.94,
12,14456,231,39.55,55,23.05,
13,15287,231,39.55,60,23.37,
14,15387,67,18.51,65,23.69,
15,16006,67,18.51,70,23.26,
16,16406,99,21.91,75,23.69,
17,16918,63,17.91,80,23.37,
18,17092,71,19.06,85,23.15,
19,17223,65,18.22,90,23.37,
20,19338,127,24.18,95,23.37,
21,19360,281,48.90,100,23.15,
22,19396,143,25.74,105,23.37,
23,19569,153,26.90,110,23.48,
24,20093,71,19.06,115,23.48,
25,20207,97,21.75,120,23.48,
26,21037,127,24.18,125,23.15,
27,21285,63,17.91,130,23.37,
28,21913,423,97.36,135,23.37,
29,22291,62,17.75,140,23.37,
30,23201,224,38.29,145,23.15,
31,23667,152,26.78,150,23.58,
32,24348,121,23.66,155,23.26,
33,28346,275,47.73,160,23.26,
34,28382,92,21.32,165,23.15,
35,28844,71,19.06,170,23.37,
36,30488,88,20.96,175,23.15,
37,31540,227,38.83,180,23.37,
38,34361,103,22.23,185,23.15,
39,34930,263,45.37,190,23.48,
40,35328,355,68.30,195,23.48,
41,37598,63,17.91,200,23.58,
42,40029,273,47.25,205,23.48,
43,41082,305,53.88,210,23.37,
44,41772,115,23.18,215,23.05,
45,43259,60,17.43,220,23.37,
46,43380,89,21.05,225,23.26,
47,44677,63,17.91,230,23.69,
48,46267,209,35.61,235,23.48,
49,48147,68,18.65,240,23.37,
50,50030,79,20.03,245,23.48,
51,51383,70,18.93,250,22.94,
52,52343,80,20.14,255,23.15,
53,52591,369,73.42,260,23.15,
54,53543,334,61.44,265,23.15,
55,55110,56,16.76,270,23.37,
56,55865,364,71.71,275,23.37,
57,55887,231,39.55,280,23.48,
58,56932,56,16.76,285,23.80,
59,58392,215,36.68,290,23.15,
60,59225,412,92.93,295,23.15,
61,59779,71,19.06,300,23.15,
62,64484,67,18.51,305,23.15,
63,65074,121,23.66,310,23.37,
64,66411,88,20.96,315,23.15,
65,68765,95,21.58,320,23.37,
66,69761,307,54.48,325,23.15,
67,70331,255,43.96,330,23.15,
68,70891,425,99.48,335,23.15,
69,73032,89,20.03,340,23.15,
70,73560,514,147.76,345,23.15,
71,73782,415,95.00,350,23.15,
72,74334,79,20.03,355,23.05,
73,74819,291,50.97,360,23.37,
74,75096,719,344.94,365,23.15,
75,75661,293,51.29,370,22.94,
76,76318,224,38.29,375,23.48,
77,76782,312,55.68,380,23.15,
78,77342,89,21.05,385,23.26,
79,83246,519,154.30,390,23.37,
80,83329,176,30.09,395,23.69,
81,84159,188,32.01,400,23.37,
82,84645,112,22.94,405,23.15,
83,84686,103,22.23,410,23.15,
84,85150,103,22.23,415,23.15,
85,85483,156,27.28,420,23.15,
86,85538,254,43.77,425,23.15,
87,86315,135,24.92,430,23.15,
88,89491,79,20.03,435,23.69,
89,89499,131,24.54,440,23.15,
90,90812,55,16.58,445,23.37,
91,91003,92,21.32,450,23.37,
92,92146,305,53.88,455,23.15,
93,92708,376,76.43,460,23.15,
94,92942,56,16.76,465,23.37,
95,94290,334,61.44,470,23.15,
96,94687,92,21.32,475,23.37,
97,95403,47,15.10,480,22.94,
98,95677,72,19.19,485,23.15,
99,95806,143,25.74,490,23.15,
100,96418,608,202.86,495,23.15,
101,99221,52,16.04,500,23.15,
102,100106,462,120.87,505,23.37,
103,100851,515,147.53,510,23.37,
104,102118,51,15.86,515,23.15,
105,102421,103,22.23,520,23.15,
106,103158,199,33.86,525,23.15,
107,103772,62,17.75,530,23.69,
108,104080,78,19.92,535,23.37,
109,104232,63,17.91,540,23.15,
110,105666,105,22.39,545,23.48,
111,105989,248,42.69,550,23.15,
112,106010,316,56.81,555,23.26,
113,106292,327,59.28,560,23.37,
114,106648,70,18.93,565,23.15,
115,106755,115,23.18,570,23.37,
116,108721,60,17.43,575,23.37,
117,109049,319,57.64,580,23.15,
118,110116,89,21.05,585,23.15,
119,111134,295,51.75,590,23.37,
120,111775,71,19.06,595,23.15,
121,112221,83,20.46,600,23.15,
122,113308,159,27.66,605,23.15,
123,113550,253,43.55,610,23.37,
124,114326,185,31.51,615,23.37,
125,115162,205,34.91,620,23.37,
126,115930,398,85.63,625,23.26,
127,116116,56,16.76,630,23.69,
128,116129,127,24.18,635,23.48,
129,116739,176,30.09,640,23.37,
130,121107,569,185.56,645,23.37,
131,121976,53,16.22,650,23.15,
132,122486,62,17.75,655,23.37,
133,122670,455,117.03,660,23.48,
134,122925,71,19.06,665,23.15,
135,123149,176,30.09,670,23.58,
136,126263,327,59.28,675,23.15,
137,126368,312,55.68,680,23.15,
138,126408,187,31.84,685,23.15,
139,126420,59,17.27,690,23.37,
140,127978,121,23.66,695,23.26,
141,128680,316,56.81,700,23.15,
142,129891,199,33.86,705,23.48,
143,130358,192,32.67,710,23.15,
144,130640,220,37.58,715,23.26,
145,130915,88,20.96,720,23.37,
146,131067,96,21.67,725,23.37,
147,131923,177,30.25,730,23.37,
148,132744,220,37.58,735,23.15,
149,134003,98,21.83,740,23.15,
150,134841,323,58.48,745,23.15,
151,134875,63,17.91,750,23.15,
152,135297,79,20.03,755,23.26,
153,135410,79,20.03,760,23.26,
154,135998,169,29.05,765,23.80,
155,136384,319,57.64,770,23.15,
156,136521,229,39.22,775,23.15,
157,137322,295,51.75,780,23.15,
158,137603,78,19.92,785,23.15,
159,138378,207,35.26,790,23.48,
160,138448,131,24.54,795,23.05,
161,139254,56,16.76,801,23.58,
162,139628,62,17.75,806,23.69,
163,140702,88,20.96,811,23.80,
164,141145,255,43.96,816,23.15,
165,141155,174,29.79,821,23.48,
166,141313,255,43.96,826,23.15,
167,141739,95,21.58,831,23.37,
168,142410,109,22.70,836,23.15,
169,144625,527,155.96,841,23.37,
170,147978,243,41.74,847,23.26,
171,148678,112,22.94,852,23.48,
172,148794,51,15.86,857,23.37,
173,149417,384,80.08,862,23.48,
174,150211,96,21.67,867,23.48,
175,153510,284,49.41,872,23.37,
176,155360,79,20.03,877,23.15,
177,155472,120,23.58,882,23.15,
178,155515,234,40.06,887,23.48,
179,155527,312,55.68,892,23.37,
180,157230,275,47.73,897,23.15,
181,157462,92,21.32,902,23.15,
182,158361,291,50.97,907,23.15,
183,158442,329,59.91,912,23.37,
184,158892,98,21.83,917,23.69,
185,159973,76,19.69,922,23.26,
186,163320,384,80.08,927,23.15,
187,163337,542,168.67,932,23.15,
188,164639,403,88.99,938,23.37,
189,164989,300,52.79,943,23.48,
190,165921,97,21.75,948,23.15,
191,166430,50,15.67,953,23.37,
192,166546,271,46.93,958,23.37,
193,166631,301,53.09,963,23.15,
194,167368,53,16.22,968,23.37,
195,167469,476,129.76,973,23.15,
196,168222,51,15.86,978,23.80,
197,170022,188,32.01,983,23.48,
198,170153,433,104.37,988,22.94,
199,170240,174,29.79,993,23.80,
200,170880,76,19.69,998,23.58,
201,171834,57,16.93,1003,23.15,
202,172717,339,62.98,1008,24.01,
203,175570,69,18.79,1013,23.15,
204,179377,152,26.78,1018,23.37,
205,181113,319,57.64,1023,23.15,
206,181893,59,17.27,1028,23.15,
207,181963,127,24.18,1033,23.15,
208,182293,440,109.25,1038,23.37,
209,183209,198,33.69,1043,23.58,
210,183651,71,19.06,1048,23.37,
211,184153,113,23.02,1053,23.37,
212,184387,327,59.28,1058,23.69,
213,186334,211,35.96,1063,23.37,
214,187288,305,53.88,1068,23.37,
215,188129,61,17.60,1073,23.48,
216,188260,74,19.44,1079,23.15,
217,189025,71,19.06,1084,23.15,
218,191398,352,66.89,1089,23.37,
219,193207,103,22.23,1094,23.37,
220,193646,56,16.76,1099,23.15,
221,193682,294,51.51,1104,23.37,
222,193967,77,19.81,1109,23.15,
223,194946,387,81.05,1114,23.37,
224,195883,83,20.46,1119,23.37,
225,196425,62,17.75,1124,23.48,
226,196616,540,166.11,1130,23.69,
227,196836,364,71.71,1136,23.15,
228,197256,193,32.84,1141,23.48,
229,197456,736,412.77,1146,23.15,
230,197622,371,73.82,1151,23.05,
231,198052,135,24.92,1156,23.05,
232,199686,409,91.12,1162,23.48,
233,200599,71,19.06,1167,23.05,
234,200670,112,22.94,1172,23.58,
235,200728,65,18.22,1177,23.91,
236,202765,178,30.40,1183,23.37,
237,203386,335,61.77,1188,24.01,
238,204611,56,16.76,1193,23.48,
239,205817,472,125.87,1198,23.26,
240,207558,62,17.75,1204,23.58,
241,210678,472,125.87,1210,23.15,
242,211201,71,19.06,1216,23.15,
243,211407,49,15.48,1221,23.58,
244,211907,284,49.41,1226,23.69,
245,211972,421,97.33,1231,23.15,
246,212182,192,32.67,1236,23.37,
247,212771,60,17.43,1241,23.15,
248,213220,62,17.75,1247,23.26,
249,214380,755,529.80,1253,23.37,
250,214455,56,16.76,1258,23.37,
251,215154,294,51.51,1263,23.48,
252,216139,78,19.92,1268,23.15,
253,216800,79,20.03,1273,23.37,
254,216963,88,20.96,1278,23.48,
255,217796,241,41.39,1283,23.15,
256,218293,176,30.09,1289,23.15,
257,218966,327,59.28,1294,23.37,
258,220303,56,16.76,1299,23.15,
259,221399,83,20.46,1304,23.15,
260,221887,349,66.33,1309,23.91,
261,224456,312,55.68,1314,23.48,
262,224900,135,24.92,1319,23.26,
263,227020,49,15.48,1325,23.37,
264,227422,319,57.64,1330,23.37,
265,228108,505,145.23,1335,23.37,
266,228880,99,21.91,1341,23.37,
