Event,Ardn_time[ms],ADC[0-1023],SiPM[mV],Deadtime[ms],Temp[C]
1,3182,275,47.73,0,22.83
2,3572,50,15.67,5,22.94
3,5567,78,19.92,10,22.83
4,6957,57,16.93,15,22.72
5,8890,487,132.65,20,22.94
6,9647,181,30.87,25,22.83
7,11978,312,55.68,30,22.62
8,12242,335,61.77,35,22.40
9,12593,98,21.83,40,22.83
10,13804,304,53.73,45,22.94
11,14249,255,43.96,50,23.05
12,14787,304,53.73,55,22.62
13,15255,127,24.18,60,22.62
14,16751,127,24.18,65,22.51
15,17090,199,33.86,70,23.05
16,17620,88,20.96,75,22.83
17,19092,323,58.48,80,22.72
18,19753,62,17.75,85,22.72
19,21552,67,18.51,90,22.62
20,25315,59,17.27,95,22.62
21,25823,184,31.36,100,22.62
22,26036,334,61.44,105,22.72
23,26349,79,20.03,110,22.72
24,26492,352,66.89,115,22.62
25,28274,280,48.67,120,22.51
26,29646,105,22.39,125,23.05
27,30526,96,21.67,130,22.51
28,30555,205,34.91,135,22.83
29,35901,66,18.36,140,22.72
30,37456,286,49.78,145,22.62
31,41661,92,21.32,150,23.05
32,41975,211,35.96,155,22.72
33,42591,105,22.39,160,22.72
34,42723,313,56.02,165,22.62
35,43469,295,51.75,170,22.94
36,44365,543,164.77,175,22.51
37,44581,348,65.64,180,22.62
38,46336,448,112.41,185,22.51
39,46673,312,55.68,190,22.72
40,47863,131,24.54,195,23.05
41,48478,126,24.09,200,22.72
42,48762,448,112.41,205,22.51
43,48905,384,80.08,210,22.94
44,50280,234,40.06,215,22.83
45,51777,78,19.92,220,23.05
46,53326,371,73.82,225,22.62
47,53610,88,20.96,230,22.62
48,54682,249,42.85,235,22.72
49,55106,226,38.63,240,22.72
50,55600,287,50.23,245,22.72
51,55612,127,24.18,250,22.72
52,56509,88,20.96,255,22.72
53,57554,54,16.41,260,22.72
54,58881,284,49.41,265,22.62
55,59708,78,19.92,270,22.72
56,59904,83,20.46,275,22.51
57,60070,92,21.32,280,22.72
58,60905,226,38.63,285,22.94
59,62050,487,132.65,290,22.40
60,62619,323,58.48,295,23.05
61,62686,326,59.13,300,22.94
62,62866,359,69.86,305,22.72
63,64850,295,51.75,310,22.72
64,65585,57,16.93,315,22.72
65,67761,51,15.86,320,22.72
66,68458,67,18.51,325,22.72
67,69166,61,17.60,330,22.72
68,69984,103,22.23,335,22.62
69,69993,115,23.18,340,22.72
70,72070,198,33.69,345,22.72
71,72085,364,71.71,350,23.05
72,73503,56,16.76,355,22.83
73,73591,319,57.64,360,22.51
74,75388,79,20.03,365,23.05
75,77536,88,20.96,370,22.83
76,78138,77,19.81,375,22.62
77,80187,455,117.03,380,22.62
78,80665,179,30.55,385,22.51
79,82563,280,48.67,390,22.72
80,84136,74,19.44,395,22.72
81,85886,63,17.91,400,22.62
82,86236,113,23.02,405,22.51
83,87601,140,25.42,410,22.29
84,89913,434,104.89,415,22.40
85,90230,60,17.43,420,22.83
86,91113,115,23.18,425,22.62
87,91278,62,17.75,430,22.94
88,91399,96,21.67,435,22.83
89,91544,173,29.64,440,22.72
90,92221,327,59.28,445,22.72
91,95344,68,18.65,450,22.72
92,96543,472,125.87,455,22.94
93,97711,255,43.96,460,22.72
94,98188,62,17.75,465,22.62
95,98657,50,15.67,470,22.83
96,98916,209,35.61,475,22.72
97,100277,499,141.24,480,22.94
98,100426,79,20.03,485,22.72
99,100548,494,141.37,490,22.83
100,100659,195,33.17,495,22.51
101,100755,62,17.75,500,22.62
102,100966,287,50.23,505,22.94
103,101283,192,32.67,510,22.51
104,104801,88,20.96,515,22.83
105,104938,61,17.60,520,22.62
106,107095,192,32.67,525,22.62
107,107119,99,21.91,530,22.62
108,109281,108,22.63,535,22.40
109,111066,56,16.76,540,22.83
110,111471,255,43.96,545,22.62
111,112138,82,20.36,550,22.62
112,113119,60,17.43,555,22.72
113,113612,79,20.03,560,22.94
114,114171,270,46.71,565,22.83
115,114430,207,35.26,570,22.62
116,117053,66,18.36,575,22.62
117,118204,62,17.75,581,22.83
118,119784,263,45.37,586,22.51
119,121734,301,53.09,592,22.51
120,121775,325,59.05,597,22.72
121,123713,70,18.93,602,22.62
122,125493,216,36.85,607,22.72
123,128105,152,26.78,612,22.72
124,128900,355,68.30,617,22.72
125,128956,73,19.32,622,22.83
126,130913,312,55.68,627,22.72
127,131847,77,19.81,632,22.51
128,132135,96,21.67,637,23.05
129,133332,300,52.79,642,22.40
130,135252,224,38.29,647,22.51
131,139112,304,53.73,652,22.62
132,139131,92,21.32,657,22.62
133,139800,78,19.92,662,22.51
134,140015,319,57.64,667,22.62
135,140711,103,22.23,672,23.05
136,141323,140,25.42,677,22.94
137,141505,78,19.92,682,22.72
138,141858,67,18.51,687,22.51
139,141981,49,15.48,692,22.83
140,142691,172,29.49,697,22.72
141,142848,295,51.75,702,22.94
142,143306,206,35.07,707,23.15
143,143714,96,21.67,712,22.72
144,143918,82,20.36,717,22.72
145,144156,345,64.98,722,22.83
146,144473,62,17.75,727,23.05
147,144756,65,18.22,732,22.62
148,144871,408,90.57,738,22.72
149,145729,231,39.55,743,22.72
150,146211,384,80.08,748,23.05
151,147926,66,18.36,753,22.72
152,148018,199,33.86,759,22.94
153,149246,487,132.65,764,22.72
154,150298,88,20.96,769,22.72
155,150529,281,48.90,774,22.51
156,153338,231,39.55,779,23.05
157,153773,527,155.96,784,22.94
158,154643,49,15.48,790,22.62
159,154907,480,130.21,795,22.83
160,155104,220,37.58,800,22.72
161,155956,171,29.34,805,22.51
162,156614,143,25.74,810,22.94
163,157863,403,88.99,815,23.05
164,158464,143,25.74,820,22.83
165,159513,57,16.93,825,22.62
166,161676,396,85.28,830,23.05
167,161922,297,52.13,835,22.83
168,162844,78,19.92,840,22.83
169,162931,57,16.93,845,22.62
170,163147,71,19.06,850,22.83
171,164067,110,22.78,855,22.72
172,164945,79,20.03,860,22.40
173,165480,79,20.03,865,22.83
174,165817,63,17.91,870,22.62
175,167077,108,22.63,875,22.72
176,167993,334,61.44,880,22.72
177,168363,79,20.03,885,22.94
178,168389,409,91.12,890,22.72
179,169499,671,277.06,895,22.62
180,170321,73,19.32,900,22.62
181,170800,231,39.55,905,23.15
182,171629,376,76.43,910,22.83
183,171732,399,87.30,915,23.05
184,172048,287,50.23,920,22.72
185,173172,556,174.47,925,22.72
186,175135,51,15.86,930,22.62
187,175515,78,19.92,935,23.15
