Event,Ardn_time[ms],ADC[0-1023],SiPM[mV],Deadtime[ms],Temp[C],Name
1,3615,63,17.91,0,23.37,
2,4163,501,142.90,5,23.15,
3,4210,70,18.93,10,23.05,
4,4509,217,37.04,15,23.15,
5,4638,88,20.96,20,23.05,
6,4880,69,18.79,25,22.94,
7,5208,135,24.92,30,22.83,
8,5504,327,59.28,35,23.15,
9,5745,167,28.76,40,22.72,
10,8960,90,21.14,45,23.15,
11,9009,97,21.75,50,22.94,
12,10459,293,51.29,55,23.15,
13,10517,247,42.51,60,22.83,
14,11683,56,16.76,65,22.83,
15,11778,113,23.02,70,23.05,
16,12474,255,43.96,75,23.15,
17,12674,134,24.82,80,23.15,
18,15108,167,28.76,85,22.72,
19,15271,249,42.85,90,22.94,
20,15640,318,57.28,95,23.05,
21,17178,135,24.92,100,22.83,
22,17216,63,17.91,105,22.94,
23,17232,103,22.23,110,23.05,
24,17256,109,22.70,115,22.83,
25,21243,371,73.82,120,22.94,
26,21258,344,64.67,125,23.15,
27,21411,57,16.93,130,22.83,
28,21626,55,16.58,135,22.83,
29,22844,172,29.49,140,23.15,
30,23237,369,73.42,145,22.94,
31,23458,49,15.48,150,22.94,
32,23851,199,33.86,155,22.72,
33,24954,312,55.68,160,23.05,
34,25646,312,55.68,165,23.15,
35,26384,508,144.95,170,23.05,
36,26841,332,61.17,175,22.83,
37,27275,220,37.58,180,22.94,
38,27882,99,21.91,185,23.15,
39,28452,51,15.86,190,23.05,
40,28488,99,21.91,195,22.72,
41,29084,240,41.21,200,23.15,
42,30077,51,15.86,205,23.05,
43,31073,248,42.69,210,22.83,
44,31248,291,50.97,215,23.15,
45,32340,65,18.22,220,23.15,
46,33778,399,87.30,225,23.05,
47,33903,88,20.96,230,23.05,
48,35584,358,69.10,235,23.05,
49,37640,63,17.91,240,23.15,
50,39085,432,101.61,245,22.83,
51,39336,89,21.05,250,23.05,
52,39437,423,97.36,255,23.15,
53,40668,142,25.64,260,23.15,
54,41331,287,50.23,265,23.48,
55,42110,199,33.86,270,22.94,
56,42545,163,28.20,275,23.15,
57,44652,492,134.92,280,23.15,
58,44716,116,23.26,285,23.15,
59,46589,53,16.22,290,23.15,
60,47471,57,16.93,295,23.05,
61,47997,224,38.29,300,22.83,
62,48236,67,18.51,305,23.15,
63,49805,127,24.18,310,23.15,
64,49824,268,46.26,315,23.15,
65,49950,49,15.48,320,23.15,
66,50205,268,46.26,325,23.15,
67,51173,110,22.78,330,23.15,
68,51361,339,62.98,335,23.37,
69,51796,63,17.91,340,22.83,
70,52517,497,142.37,345,23.15,
71,54803,384,80.08,350,23.15,
72,56224,58,17.10,355,23.15,
73,57933,79,20.03,360,23.15,
74,58397,268,46.26,365,23.15,
75,58887,179,30.55,370,22.83,
76,59632,59,17.27,375,23.15,
77,60311,349,66.33,380,22.94,
78,60594,56,16.76,385,23.15,
79,63389,227,38.83,390,23.15,
80,64144,207,35.26,395,22.94,
81,64445,167,28.76,400,22.94,
82,65375,312,55.68,405,22.72,
83,65718,353,67.64,410,23.15,
84,67538,225,38.48,415,23.05,
85,67862,352,66.89,420,23.15,
86,68110,99,21.91,425,23.15,
87,68318,79,20.03,430,23.05,
88,69915,88,20.96,435,22.94,
89,70754,496,144.49,440,23.15,
90,71587,316,56.81,445,22.83,
91,71892,56,16.76,450,23.15,
92,73391,387,81.05,455,23.15,
93,75359,496,144.49,460,23.15,
94,75531,313,56.02,465,23.37,
95,75706,103,22.23,470,23.15,
96,76971,88,20.96,475,23.05,
97,77171,359,69.86,480,22.94,
98,77320,275,47.73,485,23.15,
99,78414,313,56.02,490,23.15,
100,79269,52,16.04,495,23.15,
101,79845,199,33.86,500,23.15,
102,79854,135,24.92,505,23.15,
103,80167,147,26.19,510,23.05,
104,80380,108,22.63,515,22.94,
105,81455,81,20.25,520,22.94,
106,81918,304,53.73,525,23.15,
107,82879,243,41.74,530,22.94,
108,83700,96,21.67,535,23.15,
109,84057,255,43.96,540,22.72,
110,86317,81,20.25,545,23.15,
111,86847,120,23.58,550,23.15,
112,87400,78,19.92,555,23.15,
113,88714,127,24.18,560,22.83,
114,89420,408,90.57,565,22.94,
115,90016,313,56.02,570,22.94,
116,91103,127,24.18,575,23.15,
117,93747,487,132.65,580,22.83,
118,95852,216,36.85,585,23.15,
119,98979,56,16.76,590,22.72,
120,99194,98,21.83,595,23.15,
121,100199,68,18.65,600,23.15,
122,100344,101,22.08,605,23.15,
123,100408,287,50.23,610,23.15,
124,101161,492,134.92,615,23.15,
125,101965,344,64.67,620,22.94,
126,103345,391,82.35,625,23.15,
127,104659,262,45.24,630,23.15,
128,105348,224,38.29,636,22.72,
129,105901,312,55.68,641,23.37,
130,107650,62,17.75,646,23.05,
131,108067,112,22.94,651,23.05,
132,109412,319,57.64,656,22.94,
133,110860,335,61.77,661,22.72,
134,111393,547,162.22,666,23.37,
135,112179,76,19.69,671,23.15,
136,112240,252,43.42,676,23.48,
137,113001,63,17.91,681,23.37,
138,114962,179,30.55,686,22.94,
139,115155,96,21.67,691,23.15,
140,117355,177,30.25,696,23.15,
141,118542,284,49.41,701,23.15,
142,121577,56,16.76,706,23.05,
143,122639,582,193.83,711,22.72,
144,123933,108,22.63,716,23.37,
145,125371,76,19.69,721,23.05,
146,126290,377,76.28,726,22.83,
147,127901,61,17.60,731,23.37,
148,128033,89,21.05,736,23.15,
149,129145,632,232.56,741,23.37,
150,130099,184,31.36,746,23.15,
151,130217,359,69.86,751,22.83,
152,131713,56,16.76,756,22.94,
153,132085,112,22.94,761,22.94,
154,132548,312,55.68,766,23.15,
155,133282,71,19.06,771,22.83,
156,133920,306,54.23,776,22.72,
157,134729,659,253.36,781,23.15,
158,134991,451,113.08,786,23.15,
159,135511,99,21.91,791,23.05,
160,139315,63,17.91,796,23.15,
161,139876,94,21.50,801,23.15,
162,140227,67,18.51,806,23.05,
163,141177,300,52.79,811,23.15,
164,142791,255,43.96,816,23.15,
165,143767,224,38.29,821,22.94,
166,144028,588,183.26,826,23.15,
167,144171,263,45.37,831,22.94,
168,144343,344,64.67,837,23.15,
169,146648,268,46.26,842,23.37,
170,147049,96,21.67,848,23.15,
171,147300,286,49.78,853,23.05,
172,147628,114,23.10,858,23.15,
173,147802,184,31.36,863,23.15,
174,148891,359,69.86,868,23.05,
175,148920,79,20.03,873,22.72,
176,150151,49,15.48,878,22.83,
177,150178,371,73.82,883,23.15,
178,151344,216,36.85,888,23.15,
179,151564,130,24.45,893,23.15,
180,151872,71,19.06,899,22.94,
181,153172,56,16.76,904,22.94,
182,153462,120,23.58,909,23.15,
183,153669,199,33.86,914,23.05,
184,153766,93,21.41,919,23.05,
185,154427,327,59.28,924,22.83,
186,155913,89,21.05,929,23.15,
187,157484,96,21.67,934,23.37,
188,158736,56,16.76,939,23.15,
189,161433,387,81.05,944,22.72,
190,164040,60,17.43,949,22.94,
191,164055,112,22.94,954,22.94,
192,164748,82,20.36,959,23.15,
193,166184,376,76.43,964,23.37,
194,167829,199,33.86,969,23.15,
195,169363,50,15.67,974,23.15,
196,170885,399,87.30,979,22.62,
197,171040,92,21.32,984,22.94,
198,171113,67,18.51,989,22.94,
199,171947,185,31.51,994,23.15,
200,172379,316,56.81,999,23.05,
201,172782,65,18.22,1004,23.15,
202,173740,88,20.96,1010,23.15,
203,176128,231,39.55,1015,23.05,
204,176758,295,51.75,1020,23.05,
205,178269,403,88.99,1025,23.15,
206,179146,56,16.76,1030,23.15,
207,179169,67,18.51,1035,23.05,
208,181981,53,16.22,1041,23.37,
209,182412,353,67.64,1046,23.15,
210,183198,348,65.64,1051,23.26,
211,185154,93,21.41,1056,22.94,
212,185441,127,24.18,1061,23.15,
213,185593,147,26.19,1066,22.94,
214,188661,485,135.76,1071,23.15,
215,188899,499,141.24,1077,23.15,
216,190179,76,19.69,1083,22.83,
217,190786,88,20.96,1088,23.15,
218,191400,377,76.28,1093,22.94,
219,193002,135,24.92,1098,23.15,
220,193240,183,31.19,1104,22.83,
221,193990,307,54.48,1109,23.05,
222,196571,74,19.44,1114,23.15,
223,197624,92,21.32,1119,23.15,
224,197648,312,55.68,1124,22.94,
225,199101,280,48.67,1129,23.48,
226,199257,408,90.57,1135,22.83,
227,200134,91,21.23,1140,22.94,
228,200727,305,53.88,1145,22.72,
229,202377,125,24.00,1150,23.15,
230,202738,49,15.48,1156,22.72,
231,203874,176,30.09,1161,23.15,
232,203913,78,19.92,1166,22.83,
233,204637,195,33.17,1171,23.05,
234,205057,74,19.44,1176,23.15,
235,206482,448,112.41,1181,22.94,
236,207222,294,51.51,1186,23.15,
237,213284,248,42.69,1191,23.15,
238,213389,188,32.01,1197,23.15,
239,213433,432,101.61,1202,22.94,
240,214262,78,19.92,1207,23.15,
241,215083,441,109.77,1212,23.15,
242,216572,115,23.18,1217,23.15,
243,218031,70,18.93,1222,23.15,
244,221012,339,62.98,1227,22.72,
245,221469,56,16.76,1232,23.37,
246,222053,67,18.51,1237,22.94,
247,222278,255,43.96,1243,23.15,
248,222622,88,20.96,1248,23.15,
249,222988,47,15.10,1253,23.15,
250,223323,113,23.02,1258,23.15,
251,223439,327,59.28,1263,22.94,
252,224156,231,39.55,1268,23.37,
253,225394,240,41.21,1273,23.05,
254,225417,92,21.32,1279,23.37,
255,227217,56,16.76,1284,23.05,
256,227255,106,22.47,1289,23.15,
257,228096,51,15.86,1294,23.15,
258,229338,263,45.37,1299,23.15,
259,230007,287,50.23,1305,22.94,
260,230433,224,38.29,1310,23.05,
261,230846,108,22.63,1315,23.37,
262,231127,173,29.64,1320,23.37,
263,231493,302,53.30,1325,22.94,
264,232096,76,19.69,1330,23.15,
265,232347,79,20.03,1335,23.05,
266,233673,273,47.25,1340,22.94,
267,233735,480,130.21,1346,22.94,
268,236183,48,15.29,1352,23.37,
269,237225,287,50.23,1357,23.15,
270,237247,192,32.67,1362,23.37,
271,237774,268,46.26,1367,23.15,
272,238897,94,21.50,1373,23.15,
273,239311,248,42.69,1378,23.15,
274,240380,56,16.76,1384,23.15,
275,242402,463,119.23,1389,23.15,
276,242426,63,17.91,1394,23.15,
277,242734,255,43.96,1400,23.05,
278,243237,305,53.88,1405,22.72,
279,243504,57,16.93,1410,23.15,
280,243518,211,35.96,1415,23.15,
281,244788,177,30.25,1420,22.94,
282,247123,192,32.67,1425,23.37,
283,248862,56,16.76,1430,23.15,
284,249634,249,42.85,1435,23.05,
285,251769,287,50.23,1441,23.37,
286,252094,93,21.41,1446,23.15,
287,253142,77,19.81,1451,23.15,
288,255255,62,17.75,1456,23.05,
289,255329,435,104.92,1462,22.83,
290,255337,62,17.75,1467,23.15,
291,257447,348,65.64,1473,23.15,
292,257596,575,187.30,1478,23.15,
293,258141,131,24.54,1483,23.05,
294,258319,402,87.25,1489,23.15,
295,259246,255,43.96,1494,23.15,
296,259812,463,119.23,1499,23.05,
297,261822,271,46.93,1504,23.05,
298,262139,291,50.97,1510,23.15,
299,264238,50,15.67,1515,23.15,
300,264251,57,16.93,1520,22.94,
301,264460,67,18.51,1525,23.15,
302,265913,105,22.39,1531,23.15,
303,266997,216,36.85,1536,23.15,
304,267203,103,22.23,1541,23.05,
305,267472,231,39.55,1546,23.15,
306,267885,280,48.67,1551,23.15,
307,268628,384,80.08,1557,23.15,
308,269109,135,24.92,1562,23.15,
309,270249,57,16.93,1568,22.83,
310,272443,255,43.96,1573,23.15,
311,273346,301,53.09,1578,23.05,
312,273976,499,141.24,1583,23.15,
313,274487,280,48.67,1589,22.72,
