Event,Ardn_time[ms],ADC[0-1023],SiPM[mV],Deadtime[ms],Temp[C],Name
1,3280,79,20.03,0,21.65,
2,4788,176,30.09,5,21.54,
3,5485,414,93.93,10,21.87,
4,5920,252,43.42,15,22.19,
5,6120,83,20.46,20,21.76,
6,7521,317,56.91,25,21.76,
7,8292,54,16.41,30,21.76,
8,9312,137,25.12,35,22.08,
9,9424,70,18.93,40,21.76,
10,10646,167,28.76,45,22.08,
11,11938,51,15.86,50,21.87,
12,12063,49,15.48,55,22.08,
13,12800,106,22.47,60,21.87,
14,13344,48,15.29,65,22.08,
15,14044,51,15.86,70,21.97,
16,14416,316,56.81,75,21.87,
17,17446,463,119.23,80,21.54,
18,19027,127,24.18,85,21.87,
19,21456,63,17.91,90,21.76,
20,22628,121,23.66,95,21.97,
21,27207,97,21.75,100,22.08,
