Event,Ardn_time[ms],ADC[0-1023],SiPM[mV],Deadtime[ms],Temp[C],Name
1,3353,67,18.51,0,23.15,
2,3643,499,141.24,5,23.15,
3,3961,344,64.67,10,23.15,
4,4881,384,80.08,15,23.15,
5,6343,159,27.66,20,22.72,
6,6606,51,15.86,25,23.15,
7,6612,82,20.36,30,22.94,
8,9456,69,18.79,35,22.94,
9,9538,283,49.24,40,23.15,
10,12120,334,61.44,45,22.72,
11,13035,337,62.30,50,23.05,
12,13468,88,20.96,55,23.15,
13,13529,127,24.18,60,22.72,
14,14696,126,24.09,65,23.15,
15,18132,543,164.77,70,22.83,
16,18914,504,143.61,75,22.83,
17,19417,100,22.00,80,22.94,
18,20198,56,16.76,85,23.05,
19,21414,319,57.64,90,22.72,
20,25108,357,68.97,95,22.94,
21,27969,135,24.92,100,22.72,
22,28194,646,271.78,105,23.15,
23,30041,319,57.64,110,23.05,
24,30264,295,51.75,115,22.94,
25,30357,305,53.88,120,22.72,
26,31007,327,59.28,125,23.05,
27,31596,121,23.66,130,22.94,
28,31607,335,61.77,135,23.15,
29,31681,403,88.99,140,22.83,
30,32345,92,21.32,145,22.94,
31,32861,239,41.02,150,22.94,
32,33116,71,19.06,155,22.94,
33,33226,71,19.06,160,22.94,
34,34010,112,22.94,165,22.94,
35,36101,412,92.93,170,23.15,
36,36459,103,22.23,175,23.15,
37,37123,60,17.43,180,22.83,
38,38524,103,22.23,185,22.72,
39,39118,305,53.88,190,22.94,
40,39251,339,62.98,195,22.94,
41,39943,531,160.62,200,23.15,
42,40163,214,36.49,205,22.72,
43,40659,243,41.74,210,23.15,
44,40720,316,56.81,215,22.94,
45,41007,312,55.68,220,22.62,
46,41317,297,52.13,225,23.15,
47,41412,480,130.21,230,22.72,
48,41954,86,20.77,235,22.72,
49,43950,240,41.21,240,23.05,
50,44395,60,17.43,245,23.15,
51,45474,480,130.21,250,23.15,
52,46222,103,22.23,255,23.15,
53,46298,269,46.58,260,22.83,
54,47013,248,42.69,265,23.05,
55,47434,357,68.97,270,23.15,
56,47965,395,84.48,275,23.15,
57,48479,323,58.48,280,23.05,
58,49027,476,129.76,285,23.15,
59,49396,78,19.92,290,23.15,
60,50570,167,28.76,295,23.05,
61,50717,53,16.22,300,23.48,
62,51812,76,19.69,305,22.94,
63,52329,65,18.22,310,23.15,
64,52497,193,32.84,315,22.83,
65,52528,102,22.15,320,22.94,
66,53226,82,20.36,325,23.15,
67,53343,56,16.76,330,23.15,
68,54068,323,58.48,335,23.15,
69,54136,103,22.23,340,23.15,
70,55916,99,21.91,345,23.15,
71,56418,281,48.90,350,22.72,
72,56657,57,16.93,355,23.37,
73,57602,63,17.91,360,23.15,
74,57881,181,30.87,365,23.15,
75,61301,60,17.43,370,22.94,
76,61771,280,48.67,375,22.94,
77,62546,96,21.67,380,22.94,
78,63521,359,69.86,385,23.05,
79,65678,54,16.41,390,23.15,
80,66215,70,18.93,395,23.05,
81,67452,273,47.25,400,23.15,
82,68502,103,22.23,405,22.94,
83,70785,93,21.41,410,22.72,
84,71306,608,202.86,415,23.15,
85,72679,71,19.06,420,23.15,
86,72855,201,34.22,425,22.94,
87,73289,127,24.18,430,22.94,
88,73734,287,50.23,435,23.05,
89,74759,51,15.86,440,22.62,
90,75363,152,26.78,445,22.94,
91,75943,63,17.91,450,22.94,
92,76472,115,23.18,455,23.15,
93,76649,57,16.93,460,22.83,
94,81305,295,51.75,465,23.15,
95,82349,102,22.15,470,22.94,
96,82497,307,54.48,475,22.94,
97,82564,286,49.78,480,23.05,
98,83140,63,17.91,485,22.94,
99,83910,124,23.92,490,23.15,
100,84015,146,26.08,495,23.15,
101,84323,283,49.24,500,22.62,
102,85954,300,52.79,505,23.15,
103,87116,184,31.36,510,22.83,
104,89082,269,46.58,515,22.94,
105,90160,243,41.74,520,23.05,
106,91163,192,32.67,525,22.94,
107,91251,99,21.91,530,23.15,
108,92740,77,19.81,535,22.72,
109,92802,120,23.58,540,22.94,
110,93216,120,23.58,545,23.37,
111,93462,110,22.78,550,23.15,
112,93476,60,17.43,555,23.37,
113,94997,255,43.96,560,23.15,
114,95033,95,21.58,565,23.15,
115,95973,227,38.83,570,22.83,
116,97902,49,15.48,575,22.72,
117,98727,95,21.58,580,22.94,
118,99137,274,47.52,585,22.72,
119,99948,255,43.96,590,23.15,
120,100105,56,16.76,595,22.94,
121,100543,70,18.93,600,23.05,
122,101838,56,16.76,605,23.05,
123,102003,88,20.96,610,23.15,
124,102054,67,18.51,615,22.83,
125,102648,371,73.82,620,22.94,
126,102762,244,41.94,625,23.15,
127,104410,254,43.77,630,23.15,
128,104837,408,90.57,635,23.15,
129,105312,224,38.29,640,22.83,
130,107548,48,15.29,645,22.83,
131,108272,83,20.46,650,23.15,
132,109308,387,81.05,655,22.94,
133,109679,120,23.58,660,23.05,
134,110337,339,62.98,665,22.83,
135,111253,176,30.09,670,22.94,
136,111347,231,39.55,675,22.83,
137,112954,96,21.67,680,22.94,
138,114669,167,28.76,685,22.72,
139,116916,126,24.09,690,22.94,
140,117102,78,19.92,695,23.15,
141,118017,206,35.07,700,23.37,
142,118348,295,51.75,705,22.94,
143,118702,63,17.91,710,23.15,
144,122457,254,43.77,715,23.15,
145,123901,286,49.78,720,22.83,
146,126142,399,87.30,725,22.83,
147,127152,415,95.00,730,23.15,
148,127235,463,119.23,735,23.15,
149,128304,184,31.36,740,23.05,
150,130768,56,16.76,745,23.15,
151,130866,508,144.95,750,22.94,
152,131035,519,154.30,755,22.94,
153,131447,77,19.81,761,22.94,
154,132630,99,21.91,766,23.05,
155,133345,176,30.09,771,22.94,
156,133975,137,25.12,776,23.15,
157,135304,76,19.69,781,23.15,
158,137058,57,16.93,786,22.94,
159,137180,216,36.85,791,23.15,
160,137711,255,43.96,796,23.15,
161,137718,172,29.49,801,23.15,
162,139355,51,15.86,806,22.94,
163,139389,323,58.48,811,22.94,
164,141315,217,37.04,816,23.15,
165,142567,184,31.36,821,22.94,
166,142589,172,29.49,826,23.05,
167,143646,91,21.23,831,22.72,
168,145653,112,22.94,836,22.94,
169,146289,408,90.57,841,22.94,
170,147995,76,19.69,846,22.72,
171,148245,127,24.18,851,23.15,
172,148368,563,181.65,856,23.15,
173,148711,275,47.73,861,22.72,
174,149060,206,35.07,866,23.15,
175,149421,96,21.67,871,22.83,
176,149474,70,18.93,876,23.15,
177,150402,432,101.61,881,23.15,
178,152866,138,25.22,886,23.15,
179,153306,66,18.36,891,23.15,
180,154948,53,16.22,897,22.72,
181,155331,377,76.28,902,22.94,
182,155346,620,217.12,907,23.05,
183,156816,172,29.49,912,23.15,
184,157650,67,18.51,917,23.37,
185,157715,158,27.53,922,23.05,
186,158059,281,48.90,927,23.15,
187,158222,70,18.93,932,23.15,
188,158561,189,32.16,937,22.72,
189,158939,108,22.63,942,23.05,
190,159347,51,15.86,947,22.94,
191,161098,344,64.67,952,23.15,
192,163815,295,51.75,957,22.94,
193,164072,339,62.98,962,23.15,
194,164173,368,72.93,967,22.72,
195,164248,82,20.36,972,23.15,
196,164634,192,32.67,977,23.05,
197,166474,60,17.43,982,22.72,
198,167814,56,16.76,987,22.94,
199,168025,80,20.14,992,23.15,
200,168716,344,64.67,997,23.15,
201,168868,89,21.05,1002,22.83,
202,168967,56,16.76,1007,23.15,
203,169393,286,49.78,1012,22.94,
204,170084,51,15.86,1017,22.94,
205,170588,127,24.18,1022,22.94,
206,170864,280,48.67,1027,22.72,
207,171109,56,16.76,1033,23.15,
208,171693,88,20.96,1038,23.05,
209,172514,255,43.96,1043,22.94,
210,172859,71,19.06,1048,22.72,
211,173800,280,48.67,1053,22.72,
212,174225,197,33.52,1059,23.15,
213,175413,327,59.28,1064,22.72,
214,176162,472,125.87,1069,23.15,
215,176878,659,253.36,1075,23.37,
216,177205,88,20.96,1080,23.37,
217,177701,152,26.78,1085,22.94,
218,177743,207,35.26,1090,23.48,
219,180834,293,51.29,1095,22.94,
220,181917,236,40.44,1100,22.94,
221,182858,312,55.68,1106,22.72,
222,182888,73,19.32,1111,22.83,
223,183342,199,33.86,1116,23.15,
224,183538,83,20.46,1121,22.72,
225,183863,327,59.28,1126,23.15,
226,185265,62,17.75,1131,22.83,
227,186055,419,97.20,1137,23.05,
228,187786,319,57.64,1142,23.15,
229,189067,79,20.03,1147,23.15,
230,189552,376,76.43,1152,23.15,
231,190325,75,19.57,1157,22.72,
232,191072,236,40.44,1162,23.37,
233,191333,153,26.90,1168,22.83,
234,191645,63,17.91,1173,23.05,
235,192804,96,21.67,1179,23.15,
236,193022,70,18.93,1184,22.94,
237,193080,103,22.23,1190,23.15,
238,194279,179,30.55,1195,22.94,
239,195276,119,23.50,1200,22.94,
240,197076,88,20.96,1206,23.15,
241,197824,280,48.67,1211,23.15,
242,198228,56,16.76,1217,22.94,
243,198291,280,48.67,1222,23.15,
244,199185,92,21.32,1228,22.62,
245,199288,79,20.03,1233,23.15,
246,200923,268,46.26,1238,23.05,
247,201179,216,36.85,1244,22.94,
248,203659,457,118.95,1249,23.15,
249,205140,137,25.12,1254,23.05,
250,205687,295,51.75,1260,22.94,
251,208735,184,31.36,1265,22.94,
252,209488,62,17.75,1270,22.83,
253,211141,113,23.02,1276,22.94,
254,211647,483,132.60,1281,23.15,
255,211877,399,87.30,1287,22.94,
256,213893,497,142.37,1292,23.05,
257,214175,70,18.93,1298,22.94,
258,214891,487,132.65,1304,23.15,
259,215405,408,90.57,1310,22.94,
260,216050,56,16.76,1315,22.94,
261,217574,402,87.25,1320,23.15,
262,220668,62,17.75,1325,22.83,
263,221310,63,17.91,1331,23.15,
264,221327,96,21.67,1337,23.15,
265,224761,508,144.95,1342,22.72,
266,226112,280,48.67,1347,23.15,
267,227820,220,37.58,1353,22.94,
268,227994,312,55.68,1358,23.15,
269,228254,81,20.25,1363,23.15,
270,228263,101,22.08,1368,23.05,
271,228803,252,43.42,1373,23.15,
272,229807,390,82.70,1379,23.15,
273,230817,224,38.29,1384,23.05,
274,230933,135,24.92,1389,22.94,
275,234629,114,23.10,1395,23.15,
276,235656,280,48.67,1400,22.94,
277,235993,70,18.93,1406,22.94,
278,236618,63,17.91,1412,23.15,
279,238380,70,18.93,1418,23.15,
280,239056,78,19.92,1423,22.83,
281,239714,91,21.23,1428,22.94,
282,239857,143,25.74,1433,23.15,
283,240375,101,22.08,1438,23.05,
284,240900,172,29.49,1443,23.05,
285,241925,79,20.03,1448,22.72,
286,242042,67,18.51,1453,22.94,
287,242342,92,21.32,1459,23.15,
288,242844,697,299.81,1464,22.83,
289,243793,124,23.92,1469,23.37,
290,245127,67,18.51,1475,23.15,
291,245190,51,15.86,1481,23.15,
292,246659,92,21.32,1486,23.05,
293,247715,203,34.56,1491,22.72,
294,248785,327,59.28,1496,23.15,
295,249838,113,23.02,1501,23.15,
296,251886,112,22.94,1506,23.15,
297,252978,63,17.91,1511,22.94,
298,254413,129,24.35,1517,23.15,
299,254444,352,66.89,1523,22.72,
300,255855,79,20.03,1528,22.94,
301,256582,92,21.32,1533,23.05,
302,257181,96,21.67,1538,22.94,
303,257235,338,62.67,1543,23.15,
304,257386,231,39.55,1548,22.94,
305,258605,60,17.43,1553,22.94,
306,258971,309,55.01,1559,22.94,
307,259493,253,43.55,1564,23.15,
308,261133,295,51.75,1570,23.15,
309,261968,326,59.13,1575,23.15,
310,264404,339,62.98,1580,23.15,
311,265342,238,40.82,1585,22.94,
312,265489,78,19.92,1591,22.72,
313,267474,440,109.25,1596,23.05,
314,268026,56,16.76,1601,22.72,
315,268449,199,33.86,1606,23.15,
316,269195,63,17.91,1611,23.15,
317,269303,249,42.85,1617,22.94,
318,269327,73,19.32,1623,23.15,
319,270008,92,21.32,1628,22.94,
320,272040,127,24.18,1633,23.05,
321,272608,76,19.69,1638,23.15,
322,274026,448,112.41,1643,23.15,
323,274880,120,23.58,1648,23.15,
324,274948,114,23.10,1654,23.15,
325,276356,120,23.58,1659,23.15,
326,277081,352,66.89,1665,22.94,
327,277843,75,19.57,1670,23.05,
328,277894,115,23.18,1675,23.05,
329,278319,96,21.67,1680,22.94,
330,280468,62,17.75,1685,23.05,
331,283316,76,19.69,1691,22.94,
332,284247,68,18.65,1696,23.05,
333,285452,91,21.23,1702,22.94,
334,285969,79,20.03,1707,23.05,
335,286215,88,20.96,1712,22.72,
336,287694,152,26.78,1717,23.15,
337,289282,83,20.46,1722,22.83,
338,290588,56,16.76,1727,23.05,
339,290780,188,32.01,1732,22.94,
340,290856,486,135.98,1737,23.15,
341,291064,94,21.50,1743,23.15,
342,292013,397,85.55,1748,22.83,
343,292297,152,26.78,1753,22.83,
344,293407,194,33.00,1758,22.94,
345,293591,61,17.60,1763,23.15,
