Event,Ardn_time[ms],ADC[0-1023],SiPM[mV],Deadtime[ms],Temp[C],Name
1,3394,113,23.02,0,22.72,
2,3878,89,21.05,5,22.83,
3,6100,63,17.91,10,23.05,
4,6448,263,45.37,15,22.83,
5,6755,185,31.51,20,22.83,
6,7266,195,33.17,25,22.83,
7,7852,193,32.84,30,23.15,
8,8382,252,43.42,35,22.94,
9,9556,323,58.48,40,22.72,
10,10223,59,17.27,45,22.94,
11,10655,86,20.77,50,23.05,
12,10734,157,27.40,55,22.83,
13,11828,301,53.09,60,22.62,
14,12362,267,46.14,65,22.94,
15,12990,287,50.23,70,22.72,
16,13846,62,17.75,75,22.94,
17,14102,53,16.22,80,22.94,
18,16460,188,32.01,85,22.94,
19,17909,319,57.64,90,22.94,
20,18084,96,21.67,95,22.94,
21,18247,399,87.30,100,22.94,
22,18576,448,112.41,105,22.83,
23,20335,121,23.66,110,22.72,
24,21864,63,17.91,115,23.15,
25,21883,67,18.51,120,22.94,
26,22560,227,38.83,125,23.15,
27,22960,66,18.36,130,22.83,
28,25562,51,15.86,135,23.15,
29,25597,102,22.15,140,23.15,
30,28485,79,20.03,145,22.94,
31,29579,96,21.67,150,23.05,
32,32861,391,82.35,155,23.15,
33,35487,300,52.79,160,22.83,
34,36280,103,22.23,165,23.05,
35,36593,99,21.91,170,22.83,
36,38239,184,31.36,175,22.94,
37,38387,71,19.06,180,22.94,
38,39400,61,17.60,185,23.05,
39,39506,201,34.22,190,22.94,
40,39836,71,19.06,195,22.94,
41,40448,368,72.93,200,22.62,
42,40729,113,23.02,205,23.05,
43,43719,71,19.06,210,22.62,
44,44792,56,16.76,215,23.05,
45,45063,71,19.06,220,22.83,
46,45259,63,17.91,225,23.15,
47,45808,135,24.92,230,22.94,
48,45881,231,39.55,235,22.83,
49,47046,127,24.18,240,22.72,
50,47367,57,16.93,245,23.05,
51,53140,141,25.53,250,22.72,
52,53238,63,17.91,255,22.94,
53,54487,300,52.79,260,23.05,
54,56067,227,38.83,265,22.72,
55,56524,354,67.99,270,23.15,
56,56744,304,53.73,275,22.83,
57,58045,76,19.69,280,23.15,
58,58062,255,43.96,285,22.94,
59,59918,197,33.52,290,23.05,
60,60088,508,144.95,295,23.15,
61,60958,271,46.93,300,22.83,
62,61399,286,49.78,305,22.83,
63,62637,304,53.73,310,23.15,
64,63809,769,568.41,315,22.72,
65,64053,231,39.55,320,23.05,
66,64223,112,22.94,325,22.94,
67,64468,67,18.51,330,23.15,
68,64954,249,42.85,335,23.15,
69,65371,48,15.29,340,23.05,
70,65767,105,22.39,345,22.83,
71,67066,49,15.48,350,22.72,
72,67296,219,37.38,355,22.62,
73,69910,224,38.29,360,23.15,
74,70976,182,31.03,365,22.72,
75,71096,319,57.64,370,22.83,
76,71822,88,20.96,375,22.83,
77,72395,63,17.91,380,23.05,
78,74005,60,17.43,385,22.72,
79,74821,73,19.32,390,22.62,
80,75200,83,20.46,395,22.94,
81,75439,99,21.91,400,22.94,
82,77452,103,22.23,405,22.83,
83,77533,472,125.87,410,22.83,
84,79025,49,15.48,415,22.72,
85,81727,88,20.96,420,22.72,
86,82797,73,19.32,425,22.94,
87,82911,441,109.77,430,23.15,
88,83112,262,45.24,435,22.72,
89,83690,71,19.06,440,23.15,
90,85712,188,32.01,445,23.05,
91,85777,327,59.28,450,22.94,
92,85790,353,67.64,455,22.94,
93,86287,79,20.03,460,22.83,
94,86488,127,24.18,465,22.72,
95,87237,312,55.68,470,22.72,
96,88398,67,18.51,475,22.62,
97,88544,271,46.93,480,22.94,
98,88954,152,26.78,485,22.83,
99,89918,403,88.99,490,22.94,
100,89969,49,15.48,495,22.62,
101,92524,268,46.26,500,22.94,
102,93164,71,19.06,505,22.94,
103,93983,88,20.96,510,22.83,
104,94048,70,18.93,515,22.94,
105,94416,67,18.51,520,22.62,
106,96018,62,17.75,525,23.15,
107,96216,199,33.86,530,22.72,
108,96537,363,71.20,535,22.83,
109,97402,190,32.33,540,23.15,
110,97835,103,22.23,545,22.94,
111,97941,242,41.58,550,23.05,
112,98720,92,21.32,555,22.83,
113,99295,77,19.81,560,22.83,
114,99346,434,104.89,565,22.72,
115,100149,67,18.51,570,22.83,
116,101358,65,18.22,575,22.83,
117,102168,112,22.94,581,23.15,
118,104114,83,20.46,586,23.15,
119,104314,227,38.83,591,22.72,
120,106696,62,17.75,596,22.94,
121,107115,248,42.69,601,22.72,
122,107408,152,26.78,606,22.94,
123,107448,185,31.51,611,22.83,
124,108215,71,19.06,616,22.72,
125,109219,67,18.51,621,22.72,
126,109321,137,25.12,626,23.05,
127,109883,131,24.54,631,22.83,
128,109935,369,73.42,637,22.94,
129,110314,96,21.67,642,23.05,
130,111972,387,81.05,647,23.05,
131,113082,448,112.41,652,22.94,
132,113912,377,76.28,657,23.15,
133,113938,153,26.90,662,22.72,
134,114706,83,20.46,667,22.62,
135,114874,49,15.48,672,22.62,
136,116534,99,21.91,677,23.15,
137,117391,96,21.67,682,22.72,
138,117696,172,29.49,687,22.83,
139,118451,387,81.05,692,22.83,
140,118811,177,30.25,697,22.83,
141,120384,112,22.94,702,22.72,
142,124084,159,27.66,707,22.94,
143,126674,82,20.36,712,22.94,
144,127842,52,16.04,717,23.15,
145,129299,153,26.90,722,23.15,
146,131442,419,97.20,727,22.72,
147,132345,109,22.70,732,22.83,
148,132875,56,16.76,737,23.05,
149,133477,121,23.66,742,22.83,
150,134268,140,25.42,747,22.94,
151,135335,115,23.18,752,22.83,
152,138023,102,22.15,757,22.83,
153,138776,96,21.67,762,23.05,
154,139021,326,59.13,767,22.94,
155,140940,207,35.26,772,23.05,
156,144989,71,19.06,777,22.83,
157,146455,440,109.25,782,22.72,
158,147735,480,130.21,787,23.15,
159,147934,252,43.42,792,23.15,
160,147975,263,45.37,797,23.05,
161,155288,352,66.89,803,23.15,
162,156994,240,41.21,808,22.94,
163,157212,63,17.91,813,22.94,
164,157641,327,59.28,820,22.94,
165,158383,143,25.74,825,23.15,
166,158871,67,18.51,830,22.62,
167,159185,57,16.93,835,22.83,
168,159740,255,43.96,840,22.72,
169,161128,56,16.76,845,22.94,
170,161135,70,18.93,850,23.15,
171,161271,369,73.42,855,22.83,
172,162020,83,20.46,860,22.62,
173,162072,71,19.06,865,23.05,
174,163755,71,19.06,870,22.72,
175,163790,99,21.91,875,22.72,
176,164063,225,38.48,880,22.94,
177,165448,93,21.41,885,22.72,
178,166117,63,17.91,890,22.72,
179,167337,370,73.62,895,22.83,
180,167585,238,40.82,900,22.83,
181,167620,56,16.76,905,22.83,
182,168552,56,16.76,910,23.15,
183,169124,263,45.37,915,22.72,
184,169375,176,30.09,921,23.15,
185,169389,271,46.93,926,23.05,
186,169579,54,16.41,932,23.15,
187,169768,49,15.48,937,23.15,
188,170051,504,143.61,942,22.94,
189,170085,166,28.62,947,23.05,
190,171128,263,45.37,952,22.72,
191,171212,51,15.86,958,22.83,
192,174150,177,30.25,963,23.05,
193,174310,335,61.77,968,22.94,
194,177403,163,28.20,973,23.05,
195,177624,591,188.65,978,23.15,
196,181114,348,65.64,983,22.72,
197,181776,71,19.06,988,23.15,
198,182286,60,17.43,993,23.15,
199,183441,454,115.28,998,23.15,
200,183780,112,22.94,1003,22.94,
201,184196,227,38.83,1008,22.62,
202,185059,73,19.32,1013,23.15,
203,185136,512,144.44,1018,22.83,
204,185285,192,32.67,1023,23.15,
205,187026,178,30.40,1028,22.72,
206,187053,248,42.69,1033,23.05,
207,187561,831,853.96,1039,22.72,
208,188466,358,69.10,1044,23.15,
209,188904,163,28.20,1049,23.05,
210,190612,56,16.76,1054,23.15,
211,192188,113,23.02,1059,22.72,
212,194045,76,19.69,1064,23.15,
213,194201,184,31.36,1069,22.83,
214,194372,60,17.43,1074,22.72,
215,194927,121,23.66,1080,22.83,
216,196345,312,55.68,1086,22.94,
217,196569,66,18.36,1091,23.15,
218,198788,255,43.96,1097,23.05,
219,199586,504,143.61,1102,22.72,
220,199854,172,29.49,1108,23.05,
221,200603,240,41.21,1113,22.83,
222,201267,56,16.76,1119,22.62,
223,202456,207,35.26,1124,23.05,
224,203259,83,20.46,1129,23.05,
225,203724,96,21.67,1134,22.94,
226,204602,121,23.66,1139,22.62,
227,204839,96,21.67,1145,23.15,
228,204886,175,29.94,1150,23.15,
229,204897,262,45.24,1155,22.94,
230,205046,768,471.89,1161,23.15,
231,206760,175,29.94,1166,23.05,
232,208507,63,17.91,1171,23.15,
233,209095,195,33.17,1177,22.72,
234,209308,102,22.15,1182,23.15,
235,210403,275,47.73,1187,22.62,
236,210524,359,69.86,1193,23.15,
237,211221,396,85.28,1198,23.15,
238,215163,487,132.65,1203,22.94,
239,218568,89,21.05,1209,23.15,
240,219353,334,61.44,1214,22.94,
241,219547,51,15.86,1219,22.62,
242,221029,240,41.21,1224,22.72,
243,227060,236,40.44,1230,22.94,
244,227136,63,17.91,1236,23.05,
245,227287,483,132.60,1242,22.72,
246,228417,368,72.93,1248,22.94,
247,230661,409,91.12,1253,22.72,
248,231386,295,51.75,1258,22.72,
249,231961,377,76.28,1263,23.15,
250,233666,236,40.44,1268,22.83,
251,233778,327,59.28,1274,23.15,
