Event,Ardn_time[ms],ADC[0-1023],SiPM[mV],Deadtime[ms],Temp[C],Name
1,3395,275,47.73,0,22.40,
2,5124,216,36.85,5,22.29,
3,5948,62,17.75,10,22.29,
4,8608,63,17.91,15,22.40,
5,8766,63,17.91,20,22.40,
6,8809,216,36.85,25,22.40,
7,9603,63,17.91,30,22.51,
8,10578,463,119.23,35,22.40,
9,11441,95,21.58,40,22.29,
10,12641,96,21.67,45,22.19,
11,14413,391,82.35,50,22.29,
12,14720,155,27.15,55,22.29,
13,15177,57,16.93,60,22.29,
14,17185,319,57.64,65,22.51,
15,17545,384,80.08,70,22.19,
16,18633,88,20.96,75,22.40,
17,18886,254,43.77,80,22.19,
18,19356,255,43.96,85,22.19,
19,19528,305,53.88,90,22.51,
20,19620,268,46.26,95,22.19,
21,20955,108,22.63,100,22.29,
22,20972,227,38.83,105,22.51,
23,23718,60,17.43,110,22.29,
24,24499,63,17.91,115,22.29,
25,24722,96,21.67,120,22.19,
26,25400,195,33.17,125,22.19,
27,25453,124,23.92,130,22.29,
28,25688,803,573.92,135,22.19,
29,26199,62,17.75,140,22.19,
30,26402,185,31.51,145,22.19,
31,27573,51,15.86,150,22.40,
32,27792,63,17.91,155,22.19,
33,33811,325,59.05,160,22.51,
34,34871,51,15.86,165,22.19,
35,35577,358,69.10,170,22.40,
36,37489,96,21.67,175,22.40,
37,38330,152,26.78,180,22.19,
38,38919,88,20.96,185,22.29,
39,40442,98,21.83,190,22.19,
