Event,Ardn_time[ms],ADC[0-1023],SiPM[mV],Deadtime[ms],Temp[C],Name
1,2619,412,92.93,0,22.40,
2,3236,51,15.86,5,22.19,
3,3496,376,76.43,10,22.40,
4,4550,199,33.86,15,22.29,
5,4769,181,30.87,20,22.40,
6,5287,192,32.67,25,22.51,
7,6589,92,21.32,30,22.29,
8,7265,91,21.23,35,22.19,
9,8392,108,22.63,40,22.40,
10,8557,335,61.77,45,22.51,
11,10569,355,68.30,50,22.51,
12,10633,231,39.55,55,22.29,
13,11212,57,16.93,60,22.29,
14,11504,108,22.63,65,22.62,
15,13395,153,26.90,70,22.19,
16,13691,291,50.97,75,22.51,
17,13997,455,117.03,80,22.19,
18,14870,50,15.67,85,22.62,
19,15600,483,132.60,90,22.29,
20,15627,216,36.85,95,22.29,
21,16030,307,54.48,100,22.29,
22,16287,176,30.09,105,22.19,
23,16771,337,62.30,110,22.19,
24,17323,78,19.92,115,22.40,
25,17357,231,39.55,120,22.40,
26,17414,88,20.96,125,22.62,
27,17746,243,41.74,130,22.51,
28,20193,220,37.58,135,22.51,
29,21915,50,15.67,140,22.40,
30,22129,255,43.96,145,22.51,
31,22913,101,22.08,150,22.83,
32,28121,152,26.78,155,22.19,
33,28173,115,23.18,160,22.29,
34,29469,57,16.93,165,22.72,
35,30438,611,211.89,170,22.62,
36,30986,163,28.20,175,22.51,
37,31590,348,65.64,180,22.40,
38,32355,323,58.48,185,22.19,
39,33098,291,50.97,190,22.29,
40,33805,127,24.18,195,22.40,
41,35179,243,41.74,200,22.40,
42,36898,63,17.91,205,22.40,
43,37003,147,26.19,210,22.29,
44,37656,78,19.92,215,22.51,
45,39227,56,16.76,220,22.29,
46,40351,348,65.64,225,22.62,
47,40492,55,16.58,230,22.29,
48,41426,327,59.28,235,22.29,
49,43103,252,43.42,240,22.40,
50,44131,305,53.88,245,22.51,
51,44964,728,431.28,250,22.40,
52,45097,284,49.41,255,22.62,
53,45203,88,20.96,260,22.29,
54,45619,153,26.90,265,22.19,
55,46779,327,59.28,270,22.62,
56,47106,583,201.26,275,22.29,
57,48770,79,20.03,280,22.29,
58,50009,460,119.54,285,22.29,
59,51393,423,97.36,290,22.19,
60,51677,270,46.71,295,22.40,
61,51755,312,55.68,300,22.19,
62,53057,201,34.22,305,22.29,
63,53291,174,29.79,310,22.62,
64,54999,76,19.69,315,22.29,
65,56265,104,22.31,320,22.29,
66,59013,371,73.82,325,22.51,
67,60620,97,21.75,330,22.40,
68,60701,88,20.96,335,22.19,
69,61430,371,73.82,340,22.19,
70,62205,48,15.29,345,22.40,
71,62955,96,21.67,350,22.51,
72,63129,496,144.49,355,22.40,
73,63364,240,41.21,360,22.51,
74,63636,483,132.60,365,22.62,
75,64661,242,41.58,370,22.29,
76,66709,207,35.26,375,22.29,
77,71093,248,42.69,380,22.29,
78,71127,290,50.82,385,22.51,
79,74344,94,21.50,390,22.29,
80,74929,69,18.79,395,22.29,
81,75600,49,15.48,400,22.29,
82,76045,78,19.92,405,22.40,
83,76529,119,23.50,410,22.40,
84,77822,62,17.75,415,22.40,
85,79672,102,22.15,420,22.40,
86,79734,511,149.39,425,22.62,
87,84047,103,22.23,430,22.29,
88,84694,103,22.23,435,22.29,
89,84886,275,47.73,440,22.40,
90,85435,466,122.00,445,22.29,
91,87119,79,20.03,450,22.62,
92,87920,163,28.20,455,22.29,
93,88523,99,21.91,460,22.29,
94,88569,344,64.67,465,22.40,
95,89704,47,15.10,470,22.29,
96,90044,127,24.18,475,22.29,
97,90937,92,21.32,480,22.29,
98,92250,300,52.79,485,22.29,
99,93432,390,82.70,490,22.29,
100,94954,348,65.64,495,22.62,
101,95334,561,174.17,500,22.51,
102,95713,132,24.63,505,22.51,
103,97292,326,59.13,510,22.51,
104,97630,432,101.61,515,22.29,
105,97961,275,47.73,520,22.51,
106,98018,96,21.67,525,22.72,
107,98138,56,16.76,530,22.29,
108,99372,95,21.58,535,22.29,
109,100666,68,18.65,540,22.19,
110,101982,391,82.35,545,22.51,
111,103145,376,76.43,550,22.62,
112,103856,79,20.03,555,22.51,
113,104266,185,31.51,560,22.29,
114,104769,88,20.96,565,22.19,
115,106039,120,23.58,570,22.72,
116,108221,496,144.49,575,22.40,
117,108256,166,28.62,581,22.29,
118,108620,192,32.67,586,22.40,
119,109190,192,32.67,591,22.29,
120,109296,92,21.32,596,22.29,
121,112358,57,16.93,601,22.29,
122,112424,359,69.86,606,22.40,
123,114551,231,39.55,611,22.51,
