Event,Ardn_time[ms],ADC[0-1023],SiPM[mV],Deadtime[ms],Temp[C]
1,3251,81,20.25,0,22.51
2,6171,368,72.93,5,22.40
3,6780,318,57.28,10,22.62
4,7239,216,36.85,15,22.40
5,7798,386,80.48,20,22.51
6,8905,319,57.64,25,22.72
7,9352,125,24.00,30,22.51
8,9990,359,69.86,35,22.83
9,13162,88,20.96,40,22.51
10,13662,120,23.58,45,22.62
11,15575,99,21.91,50,22.72
12,16084,262,45.24,55,22.62
13,17553,56,16.76,60,22.40
14,17793,112,22.94,65,22.40
15,19529,359,69.86,70,22.72
16,20003,230,39.39,75,22.51
17,21140,463,119.23,80,22.40
18,21232,270,46.71,85,22.62
19,21344,163,28.20,90,22.72
20,21843,211,35.96,95,22.72
21,22806,99,21.91,100,22.94
22,23384,455,117.03,105,22.51
23,24076,113,23.02,110,22.51
24,24351,287,50.23,115,22.83
25,25835,94,21.50,120,22.62
26,25878,83,20.46,125,23.05
27,26010,319,57.64,130,22.51
28,26449,206,35.07,135,22.62
29,26792,312,55.68,140,22.62
30,27284,88,20.96,145,22.83
31,27602,409,91.12,150,22.51
32,27670,359,69.86,155,22.72
33,30289,319,57.64,160,22.94
34,31006,62,17.75,165,22.72
35,32208,359,69.86,170,22.72
36,32262,79,20.03,175,22.72
37,32322,271,46.93,180,22.40
38,32512,254,43.77,185,22.40
39,33571,179,30.55,190,22.51
40,34046,193,32.84,195,22.62
41,34296,184,31.36,200,22.40
42,34982,158,27.53,205,22.40
43,36966,112,22.94,210,22.51
44,39972,414,93.93,215,22.83
45,43267,287,50.23,220,22.72
46,43416,135,24.92,225,22.51
47,44177,135,24.92,230,22.51
48,44773,51,15.86,235,22.51
49,47967,153,26.90,240,22.40
50,49198,56,16.76,245,22.72
51,50030,79,20.03,250,22.51
52,50664,76,19.69,255,22.40
53,50997,206,35.07,260,22.51
54,53038,255,43.96,265,22.72
55,53253,304,53.73,270,22.51
56,53368,334,61.44,275,22.83
57,54288,51,15.86,280,22.62
58,54400,199,33.86,285,22.51
59,56057,300,52.79,290,22.72
60,57214,262,45.24,295,22.40
61,58608,94,21.50,300,22.62
62,62398,421,97.33,305,22.62
63,62433,50,15.67,310,22.62
64,63124,83,20.46,315,22.83
65,64181,231,39.55,320,22.40
66,65514,192,32.67,325,22.94
67,65572,99,21.91,330,22.72
68,66000,49,15.48,335,22.29
69,68018,120,23.58,340,22.51
70,68243,229,39.22,345,22.72
71,68446,179,30.55,350,22.51
72,69095,192,32.67,355,22.51
73,69412,81,20.25,360,22.29
74,69848,109,22.70,365,22.51
75,70305,79,20.03,370,22.62
76,71630,298,52.37,375,22.72
77,71880,60,17.43,380,22.94
78,72692,271,46.93,385,22.51
79,72940,52,16.04,390,22.62
80,73131,62,17.75,395,22.83
81,75679,96,21.67,400,22.62
82,75762,96,21.67,405,22.62
83,76720,205,34.91,410,22.29
84,77069,182,31.03,415,22.62
85,78568,560,175.34,420,22.51
86,80165,496,144.49,425,22.62
87,80823,51,15.86,430,22.72
88,82103,143,25.74,435,22.62
89,82366,295,51.75,440,22.51
90,84089,384,80.08,445,22.94
91,84343,512,144.44,450,22.72
92,85894,396,85.28,454,22.51
93,86287,63,17.91,459,22.83
94,87519,84,20.57,464,22.40
95,87756,327,59.28,469,22.40
96,88520,185,31.51,474,22.72
97,89731,49,15.48,479,22.72
98,90012,391,82.35,484,22.72
99,91722,93,21.41,489,22.51
100,91979,63,17.91,494,22.83
101,92230,271,46.93,499,22.51
102,92474,240,41.21,504,22.83
103,92819,135,24.92,509,22.72
104,93587,415,95.00,514,22.62
105,94078,319,57.64,519,22.83
106,98951,63,17.91,524,22.94
107,100056,63,17.91,529,22.62
108,100499,121,23.66,534,22.83
109,100840,172,29.49,539,22.40
110,101240,384,80.08,544,22.62
111,101578,57,16.93,549,22.29
112,102520,281,48.90,554,22.72
113,103564,83,20.46,559,22.72
114,105743,287,50.23,564,22.72
115,106345,108,22.63,569,22.72
116,107300,226,38.63,574,22.29
117,109039,174,29.79,579,22.83
118,109079,304,53.73,584,22.83
119,110197,604,210.97,589,22.40
120,111555,167,28.76,594,22.40
121,112684,280,48.67,599,22.72
122,113021,68,18.65,604,22.72
123,115185,270,46.71,609,22.62
124,115259,127,24.18,614,22.51
125,116082,92,21.32,619,22.51
126,116513,190,32.33,624,22.62
127,116832,277,48.09,629,22.51
128,119899,197,33.52,634,22.62
129,120297,93,21.41,639,22.62
130,122085,225,38.48,644,22.62
131,122981,51,15.86,649,22.72
132,123141,50,15.67,654,22.62
133,123179,51,15.86,659,22.62
134,123433,174,29.79,664,22.83
135,123940,112,22.94,669,22.51
136,124751,217,37.04,674,22.62
137,124903,161,27.93,679,22.83
138,125314,152,26.78,684,22.83
139,125767,113,23.02,689,22.62
140,127219,71,19.06,694,22.51
141,127243,84,20.57,699,22.72
142,129111,313,56.02,704,22.62
143,129570,89,21.05,709,22.62
144,130397,192,32.67,714,22.72
145,132023,195,33.17,719,22.40
146,132870,63,17.91,724,22.51
147,135425,97,21.75,729,22.72
148,137155,103,22.23,734,22.94
149,141818,71,19.06,739,22.40
150,145686,332,61.17,744,22.72
151,146837,243,41.74,749,22.83
152,148330,152,26.78,754,22.62
153,148805,63,17.91,759,22.51
154,149145,313,56.02,764,22.62
155,149526,135,24.92,769,22.72
156,149585,71,19.06,774,22.51
157,150432,89,21.05,779,22.94
158,151557,422,97.97,784,22.72
159,153204,409,91.12,789,23.05
160,155487,57,16.93,794,22.51
161,156464,56,16.76,799,22.62
162,157749,71,19.06,804,22.51
163,157826,71,19.06,809,22.40
164,157894,423,97.36,814,22.29
165,159218,71,19.06,819,22.72
166,160487,263,45.37,824,22.51
167,161128,241,41.39,830,22.72
168,162473,120,23.58,835,22.51
169,162919,83,20.46,840,22.40
170,163278,56,16.76,845,22.62
171,164505,76,19.69,850,22.62
172,164744,129,24.35,855,22.62
